livreId;closeness;betweenness;pagerank
10;0.065351;0.000647;0.000438
100;0.074220;0.000074;0.000594
10002;0.053909;0.000000;0.000144
10007;0.000000;0.000000;0.000116
1001;0.044723;0.000000;0.000297
10031;0.060114;0.000428;0.000359
1004;0.053833;0.000730;0.000630
101;0.000778;0.000003;0.000687
1012;0.000616;0.000000;0.000634
10136;0.072855;0.003483;0.000787
10148;0.051925;0.000000;0.000168
10150;0.064925;0.000000;0.000311
102;0.047679;0.000679;0.000526
1021;0.000000;0.000000;0.000116
1023;0.095080;0.000193;0.002261
103;0.000000;0.000000;0.000116
1034;0.000000;0.000000;0.000116
10376;0.000000;0.000000;0.000116
10378;0.058755;0.000601;0.000488
10381;0.077279;0.000247;0.000332
1041;0.001830;0.000000;0.000225
105;0.074275;0.000068;0.000773
1051;0.000243;0.000000;0.000774
10554;0.000000;0.000000;0.000116
1056;0.069068;0.000000;0.000234
1057;0.000000;0.000000;0.000116
10607;0.000607;0.000000;0.000805
10609;0.074606;0.000440;0.000450
10615;0.054256;0.000000;0.000241
10623;0.000000;0.000000;0.000116
10625;0.000000;0.000000;0.000116
10636;0.065359;0.000683;0.000489
10643;0.094742;0.003621;0.002623
10657;0.070731;0.000042;0.000691
10676;0.082998;0.000032;0.000554
10681;0.065191;0.000151;0.000678
107;0.082048;0.000008;0.000916
10712;0.078739;0.000001;0.000588
10715;0.045050;0.000000;0.000526
10732;0.045243;0.000679;0.000533
1074;0.067776;0.002727;0.000732
10741;0.038440;0.000000;0.000423
1079;0.071137;0.000000;0.000255
108;0.079359;0.001901;0.001366
10800;0.063475;0.000004;0.000380
1081;0.085692;0.000242;0.001460
10827;0.068927;0.000030;0.000614
10890;0.069414;0.000043;0.000741
10897;0.000260;0.000000;0.000774
1091;0.000243;0.000000;0.000774
1093;0.000247;0.000000;0.000774
1094;0.000000;0.000000;0.000116
10947;0.087642;0.000892;0.001869
1097;0.000000;0.000000;0.000116
11;0.037965;0.000678;0.000907
110;0.088109;0.000286;0.001679
11000;0.000000;0.000000;0.000116
11027;0.067819;0.012006;0.001513
11030;0.078723;0.000910;0.000671
1112;0.002080;0.000000;0.000266
11224;0.043531;0.000059;0.000636
11231;0.000000;0.000000;0.000116
113;0.048022;0.000000;0.000403
11339;0.056661;0.001358;0.000723
11438;0.000260;0.000000;0.000774
11483;0.067977;0.000021;0.000415
1150;0.080342;0.000288;0.000818
1152;0.000253;0.000000;0.000774
1153;0.051200;0.000000;0.000698
11531;0.076349;0.000033;0.000301
1155;0.063982;0.000048;0.000896
1156;0.069690;0.000000;0.000242
11582;0.052438;0.000581;0.000281
11666;0.000000;0.000000;0.000116
1170;0.074145;0.001233;0.000515
11703;0.083887;0.002033;0.001079
1173;0.045666;0.000000;0.000290
1174;0.070069;0.000119;0.000597
1177;0.056594;0.000679;0.000411
1184;0.097178;0.006570;0.002548
11870;0.085596;0.001030;0.001502
11894;0.068722;0.000008;0.000189
119;0.088636;0.000911;0.001868
11937;0.049012;0.000000;0.000181
11945;0.055942;0.002034;0.000732
11982;0.084136;0.001032;0.000961
11987;0.000000;0.000000;0.000116
12;0.044220;0.002714;0.001073
120;0.059387;0.000024;0.000325
1200;0.075348;0.000000;0.000520
12030;0.080842;0.001861;0.001004
12045;0.000260;0.000000;0.000774
12096;0.000000;0.000000;0.000116
121;0.079648;0.000696;0.000990
1210;0.053850;0.000000;0.000167
1212;0.048623;0.000000;0.000171
12161;0.000000;0.000000;0.000116
122;0.081378;0.000012;0.000798
12219;0.000000;0.000000;0.000116
12242;0.000000;0.000000;0.000116
1227;0.000000;0.000000;0.000116
1228;0.061672;0.000000;0.000476
12297;0.001075;0.000000;0.000784
1232;0.000308;0.000000;0.000774
12341;0.000000;0.000000;0.000116
12345;0.000000;0.000000;0.000116
1237;0.082640;0.000007;0.000901
12383;0.076881;0.004452;0.000698
1240;0.000000;0.000000;0.000116
12410;0.054006;0.000000;0.000165
1250;0.000000;0.000000;0.000116
1251;0.035910;0.000000;0.000699
12513;0.000000;0.000000;0.000116
1252;0.035566;0.000000;0.000681
1254;0.000000;0.000000;0.000116
1257;0.096736;0.000447;0.002008
12587;0.085782;0.000016;0.001191
1259;0.099816;0.007797;0.002489
1260;0.096627;0.002307;0.002592
12655;0.048986;0.002034;0.000726
1268;0.080240;0.002985;0.000946
12732;0.079564;0.000631;0.000735
12753;0.041416;0.002726;0.001356
12758;0.096754;0.005983;0.002496
12788;0.090137;0.000603;0.001842
1279;0.053514;0.000017;0.000309
128;0.092453;0.026350;0.003242
1280;0.000000;0.000000;0.000116
12814;0.054781;0.000530;0.000465
12843;0.046333;0.000000;0.000459
1289;0.000000;0.000000;0.000116
1292;0.000000;0.000000;0.000116
1298;0.082975;0.001819;0.001372
12996;0.000000;0.000000;0.000116
1301;0.075714;0.000000;0.000426
13065;0.000256;0.000000;0.000774
131;0.000380;0.000000;0.000774
132;0.000000;0.000000;0.000116
1320;0.061100;0.000000;0.000404
1322;0.059152;0.000000;0.000135
13240;0.061528;0.000052;0.000490
13415;0.072524;0.001160;0.000755
1342;0.085176;0.000657;0.001102
13437;0.090025;0.007316;0.002502
135;0.084602;0.000039;0.001083
13514;0.086115;0.000027;0.001256
13529;0.073834;0.000974;0.000908
1353;0.062349;0.000000;0.000247
13549;0.059522;0.000185;0.000386
13610;0.059092;0.000000;0.000451
13611;0.065529;0.000397;0.000619
13621;0.062901;0.000142;0.000456
13623;0.096735;0.010157;0.003040
13650;0.000000;0.000000;0.000116
13701;0.053477;0.000679;0.000473
13707;0.090228;0.000400;0.001792
13726;0.000868;0.000000;0.000336
139;0.064837;0.000093;0.000521
13940;0.056999;0.001221;0.000664
13951;0.007337;0.000001;0.000891
1399;0.091958;0.000651;0.001873
14;0.000000;0.000000;0.000116
140;0.077626;0.000082;0.000795
1400;0.095088;0.000616;0.002212
14020;0.064724;0.000001;0.000250
14033;0.086445;0.005265;0.001794
1404;0.075668;0.000790;0.000984
14058;0.000000;0.000000;0.000116
141;0.089557;0.004351;0.001545
14140;0.085737;0.002403;0.001588
14155;0.007271;0.000001;0.000881
14194;0.090289;0.003894;0.001676
14209;0.000000;0.000000;0.000116
14244;0.031244;0.000000;0.000389
14264;0.000000;0.000000;0.000116
14287;0.006665;0.000000;0.000832
1429;0.056880;0.000299;0.000546
143;0.079471;0.000000;0.000647
1430;0.000000;0.000000;0.000116
14314;0.065932;0.000004;0.000194
14328;0.000000;0.000000;0.000116
14417;0.000774;0.000000;0.000771
14471;0.070244;0.001369;0.001232
14472;0.068943;0.000333;0.000569
145;0.093548;0.000669;0.002036
1450;0.043521;0.000000;0.000210
14522;0.000524;0.000000;0.000407
14568;0.000000;0.000000;0.000116
14591;0.000267;0.000000;0.000774
146;0.053235;0.000035;0.000714
14636;0.000000;0.000000;0.000116
14640;0.000000;0.000000;0.000116
147;0.000000;0.000000;0.000116
14726;0.062058;0.004206;0.000603
148;0.000491;0.000000;0.000774
14818;0.060462;0.000000;0.000217
14833;0.098775;0.006054;0.002666
14880;0.069146;0.000000;0.000379
149;0.041969;0.000679;0.000681
14969;0.041105;0.000000;0.000296
1497;0.082791;0.000865;0.001349
14975;0.000000;0.000000;0.000116
14977;0.000000;0.000000;0.000116
14988;0.080321;0.002922;0.001478
15;0.080645;0.000025;0.000801
15000;0.077145;0.000446;0.000906
15043;0.083418;0.005841;0.001703
15076;0.058279;0.000000;0.000263
1508;0.002244;0.000000;0.000538
1513;0.003300;0.000024;0.001636
1514;0.001980;0.000000;0.000332
15143;0.084545;0.005686;0.001877
1515;0.002618;0.000000;0.000959
1519;0.002462;0.000001;0.000775
15210;0.000273;0.000000;0.000774
1522;0.002189;0.000000;0.000632
1523;0.002617;0.000000;0.000862
15238;0.061312;0.000000;0.000222
1524;0.002787;0.000011;0.001125
15250;0.083467;0.001411;0.000905
1526;0.003134;0.000007;0.001344
15263;0.092500;0.006173;0.002031
15272;0.000000;0.000000;0.000116
153;0.086372;0.000027;0.001475
1531;0.003378;0.000031;0.001544
1532;0.002784;0.000001;0.001005
1533;0.002735;0.000000;0.000976
15353;0.000000;0.000000;0.000116
15381;0.000000;0.000000;0.000116
15396;0.000000;0.000000;0.000116
15399;0.068932;0.000004;0.000361
15474;0.084543;0.000949;0.001036
15475;0.079732;0.000000;0.000475
1549;0.000000;0.000000;0.000116
155;0.094808;0.000870;0.002221
1564;0.090158;0.001137;0.001630
15665;0.000000;0.000000;0.000116
15679;0.081601;0.001179;0.001505
1571;0.000000;0.000000;0.000116
1572;0.000821;0.000000;0.000335
15725;0.000802;0.000000;0.000784
15772;0.000000;0.000000;0.000116
15776;0.045759;0.000000;0.000341
158;0.085715;0.000462;0.001152
1581;0.075673;0.000000;0.000697
15859;0.067023;0.000000;0.000162
15877;0.000527;0.000000;0.000776
159;0.000243;0.000000;0.000774
1591;0.000997;0.000005;0.000658
1597;0.066562;0.000000;0.000505
16;0.042402;0.000000;0.000496
160;0.000000;0.000000;0.000116
1600;0.001078;0.000000;0.000737
16059;0.000000;0.000000;0.000116
161;0.083455;0.001475;0.001145
16119;0.000000;0.000000;0.000116
16269;0.000000;0.000000;0.000116
16317;0.088628;0.004614;0.001713
16328;0.000514;0.000001;0.001107
1636;0.001261;0.000001;0.000985
16378;0.000000;0.000000;0.000116
16389;0.061506;0.000030;0.000352
164;0.067514;0.000644;0.000482
1640;0.070561;0.000292;0.000537
1642;0.000000;0.000000;0.000116
1643;0.000695;0.000000;0.000401
16433;0.042780;0.000000;0.000196
16436;0.046500;0.000679;0.000730
16452;0.069875;0.000190;0.000523
16464;0.040392;0.000000;0.000323
16469;0.072834;0.000066;0.000441
16501;0.044069;0.000000;0.000252
16527;0.036985;0.000000;0.000800
1653;0.000000;0.000000;0.000116
1656;0.000000;0.000000;0.000116
16564;0.000000;0.000000;0.000116
1658;0.001346;0.000005;0.001244
1661;0.080631;0.002360;0.001437
16643;0.070869;0.000961;0.000442
16659;0.000000;0.000000;0.000116
16713;0.000000;0.000000;0.000116
1672;0.001470;0.000009;0.001230
16764;0.061603;0.000000;0.000439
16769;0.043354;0.000679;0.000576
16833;0.052845;0.000151;0.000606
1685;0.069984;0.000760;0.000967
16878;0.000000;0.000000;0.000116
16927;0.067895;0.000000;0.000489
1695;0.053614;0.000000;0.000305
16966;0.077517;0.000000;0.000408
17;0.052097;0.000003;0.000348
17034;0.067313;0.000915;0.000736
17090;0.047866;0.000679;0.000454
171;0.061923;0.000679;0.000392
17150;0.000000;0.000000;0.000116
17157;0.066403;0.000000;0.000207
1717;0.043094;0.000000;0.000561
1719;0.000000;0.000000;0.000116
17192;0.000000;0.000000;0.000116
17199;0.000000;0.000000;0.000116
1726;0.001263;0.000005;0.001038
1727;0.068449;0.002185;0.000547
17314;0.057556;0.002122;0.000955
17396;0.052826;0.000666;0.000776
174;0.000904;0.000002;0.001194
17405;0.000000;0.000000;0.000116
17450;0.000000;0.000000;0.000116
17489;0.007422;0.000000;0.000900
175;0.076559;0.000090;0.000751
1750;0.076884;0.000313;0.000940
17519;0.007263;0.000000;0.000882
1754;0.000274;0.000000;0.000774
1756;0.000274;0.000000;0.000774
17845;0.093210;0.000567;0.001969
17851;0.000000;0.000000;0.000116
17957;0.000000;0.000000;0.000116
17989;0.007523;0.000004;0.000913
18;0.075084;0.000043;0.000937
18047;0.068122;0.000004;0.000577
18247;0.092873;0.002180;0.001962
18251;0.035329;0.000000;0.000396
18269;0.056625;0.000000;0.000152
1837;0.068548;0.000428;0.000337
18442;0.044244;0.000013;0.000716
18459;0.000000;0.000000;0.000116
1849;0.070376;0.000402;0.000791
18569;0.000000;0.000000;0.000116
18590;0.066867;0.000682;0.000438
18707;0.090857;0.001367;0.001797
1872;0.052087;0.000072;0.000446
1874;0.052754;0.000112;0.000857
18755;0.072156;0.000008;0.000464
18857;0.075988;0.001557;0.000879
18897;0.015943;0.000000;0.000396
18947;0.049399;0.000000;0.000247
19;0.000000;0.000000;0.000116
19033;0.034078;0.000002;0.000670
1906;0.078244;0.000281;0.000381
19104;0.064739;0.000002;0.000222
19116;0.000000;0.000000;0.000116
1917;0.095794;0.002127;0.002548
19188;0.000000;0.000000;0.000116
1929;0.000000;0.000000;0.000116
19322;0.046191;0.000000;0.000195
19337;0.001202;0.000000;0.000860
1942;0.081185;0.000058;0.000523
1946;0.073887;0.002891;0.001313
19476;0.000000;0.000000;0.000116
19481;0.000000;0.000000;0.000116
19488;0.079075;0.000000;0.000398
19600;0.000000;0.000000;0.000116
1962;0.000000;0.000000;0.000116
19630;0.000000;0.000000;0.000116
19690;0.067842;0.000247;0.000351
19699;0.071439;0.002108;0.001379
19725;0.079340;0.000511;0.001172
1974;0.000000;0.000000;0.000116
1977;0.000000;0.000000;0.000116
19800;0.069514;0.000450;0.000310
19846;0.074609;0.002303;0.001327
19919;0.007269;0.000000;0.000881
19924;0.070844;0.001011;0.000544
19942;0.000000;0.000000;0.000116
1998;0.046790;0.000000;0.000185
19994;0.046401;0.000000;0.000327
20;0.048738;0.000000;0.000376
2000;0.003424;0.000003;0.000841
20023;0.081232;0.000289;0.000750
2009;0.063027;0.001403;0.000857
201;0.000000;0.000000;0.000116
20121;0.000000;0.000000;0.000116
20158;0.077751;0.000265;0.000529
2017;0.000000;0.000000;0.000116
202;0.094170;0.004358;0.002097
20203;0.000491;0.000000;0.000774
20228;0.000266;0.000000;0.000774
20239;0.000000;0.000000;0.000116
203;0.089077;0.000004;0.001731
20303;0.067985;0.000000;0.000242
20321;0.000000;0.000000;0.000116
2038;0.092628;0.011346;0.002624
204;0.066435;0.001793;0.000505
2040;0.000000;0.000000;0.000116
20411;0.000000;0.000000;0.000116
20417;0.049655;0.000000;0.000205
20439;0.066885;0.000478;0.000350
2044;0.079669;0.000000;0.000364
2048;0.086402;0.000024;0.001312
20480;0.000000;0.000000;0.000116
205;0.080472;0.000000;0.000503
20546;0.083315;0.003082;0.001619
20583;0.069557;0.000000;0.000452
20628;0.000000;0.000000;0.000116
20656;0.000000;0.000000;0.000116
20738;0.000000;0.000000;0.000116
2074;0.070990;0.000025;0.000377
2077;0.093327;0.001950;0.002092
20776;0.000000;0.000000;0.000116
20785;0.001365;0.000003;0.001069
208;0.000000;0.000000;0.000116
2085;0.074112;0.001492;0.000621
20851;0.066008;0.000000;0.000148
2087;0.083149;0.003775;0.000999
209;0.000247;0.000000;0.000774
20916;0.086144;0.002153;0.001344
20924;0.000000;0.000000;0.000116
2097;0.061753;0.000000;0.000349
21;0.046798;0.000000;0.000338
21000;0.003273;0.000000;0.000586
21196;0.000000;0.000000;0.000116
21200;0.073942;0.000082;0.000522
21291;0.090640;0.000606;0.001692
2130;0.000000;0.000000;0.000116
21300;0.000000;0.000000;0.000116
2131;0.057612;0.000000;0.000161
21327;0.087961;0.001949;0.001785
21339;0.067096;0.000085;0.000235
21394;0.053253;0.000000;0.000313
2147;0.064101;0.000001;0.000354
2148;0.078622;0.001654;0.000634
2149;0.078875;0.000561;0.000635
215;0.042640;0.000000;0.000290
2150;0.074805;0.000007;0.000366
2151;0.064787;0.000496;0.000481
2153;0.091732;0.000117;0.001995
216;0.000000;0.000000;0.000116
2160;0.084906;0.000041;0.001028
2162;0.000000;0.000000;0.000116
21638;0.000000;0.000000;0.000116
2166;0.074820;0.002890;0.001017
217;0.075026;0.000302;0.000624
21700;0.075360;0.000474;0.000645
21765;0.066040;0.000000;0.000434
21829;0.058932;0.000072;0.000264
219;0.000000;0.000000;0.000116
2197;0.000000;0.000000;0.000116
2199;0.054793;0.000889;0.000636
22;0.065216;0.001813;0.000678
22091;0.079697;0.000182;0.000579
221;0.078968;0.000061;0.001260
22120;0.000572;0.000001;0.000996
22163;0.000000;0.000000;0.000116
222;0.054966;0.000000;0.000154
2226;0.050413;0.000000;0.000180
2229;0.003603;0.000004;0.000700
22298;0.000000;0.000000;0.000116
223;0.066908;0.001612;0.000500
2232;0.002046;0.000000;0.000439
22367;0.002993;0.000000;0.000467
22373;0.070651;0.000000;0.000352
22381;0.066876;0.000055;0.000262
224;0.086037;0.000033;0.001394
22400;0.092791;0.003857;0.002125
22456;0.049228;0.000048;0.000353
22541;0.000000;0.000000;0.000116
22542;0.082440;0.001580;0.000901
22566;0.053385;0.000013;0.000572
227;0.000000;0.000000;0.000116
2274;0.000000;0.000000;0.000116
22747;0.000000;0.000000;0.000116
22748;0.000000;0.000000;0.000116
228;0.056603;0.000523;0.000502
22814;0.000000;0.000000;0.000116
22968;0.000000;0.000000;0.000116
22976;0.001141;0.000000;0.000837
22994;0.057941;0.000000;0.000151
23;0.068728;0.000000;0.000164
2300;0.062691;0.000679;0.000606
23042;0.000000;0.000000;0.000116
23045;0.001868;0.000000;0.000220
233;0.083220;0.000114;0.001240
2350;0.064658;0.000084;0.000871
236;0.000000;0.000000;0.000116
23639;0.072135;0.000000;0.000400
23654;0.006506;0.000000;0.000810
23684;0.000000;0.000000;0.000116
23700;0.071089;0.000003;0.000263
23731;0.000000;0.000000;0.000116
2376;0.060522;0.001357;0.000444
23772;0.000000;0.000000;0.000116
23817;0.036969;0.000000;0.000800
23825;0.036820;0.000000;0.000797
2383;0.069596;0.000000;0.000233
23835;0.036969;0.000000;0.000800
23838;0.036856;0.000000;0.000797
23841;0.036673;0.000000;0.000794
23876;0.036825;0.000000;0.000797
2388;0.000000;0.000000;0.000116
23910;0.036985;0.000000;0.000800
23938;0.036885;0.000000;0.000798
23950;0.036682;0.000000;0.000794
23962;0.036682;0.000000;0.000794
2397;0.078431;0.000098;0.000608
2398;0.000000;0.000000;0.000116
23997;0.000000;0.000000;0.000116
2400;0.078336;0.000144;0.000488
24001;0.066957;0.000519;0.000657
24022;0.001199;0.000000;0.000860
24029;0.036885;0.000000;0.000798
24032;0.037119;0.000000;0.000803
24060;0.036682;0.000000;0.000794
24099;0.037119;0.000000;0.000803
2413;0.082599;0.000003;0.000753
24154;0.036969;0.000000;0.000800
24156;0.036885;0.000000;0.000798
24162;0.036708;0.000000;0.000795
24169;0.036682;0.000000;0.000794
24183;0.036704;0.000000;0.000794
242;0.062482;0.000389;0.000443
24226;0.036969;0.000000;0.000800
24233;0.037119;0.000000;0.000803
24239;0.036834;0.000000;0.000797
24264;0.036985;0.000000;0.000800
24273;0.036885;0.000000;0.000798
2428;0.000256;0.000000;0.000774
2434;0.000000;0.000000;0.000116
24345;0.066594;0.000074;0.000311
244;0.062723;0.000000;0.000424
24434;0.000000;0.000000;0.000116
24440;0.000000;0.000000;0.000116
2445;0.000000;0.000000;0.000116
2446;0.000816;0.000000;0.000335
2449;0.000000;0.000000;0.000116
245;0.089151;0.000821;0.001662
24518;0.091572;0.001753;0.002169
24526;0.075982;0.000702;0.000959
2456;0.068211;0.000033;0.000559
246;0.000407;0.000000;0.000774
2464;0.067421;0.000048;0.000461
2465;0.000000;0.000000;0.000116
24739;0.087069;0.000711;0.001119
24869;0.076328;0.000726;0.000665
2488;0.061504;0.000499;0.000298
24882;0.000000;0.000000;0.000116
24950;0.000249;0.000000;0.000774
2500;0.000000;0.000000;0.000116
25012;0.000000;0.000000;0.000116
25085;0.000000;0.000000;0.000116
2509;0.000000;0.000000;0.000116
25128;0.037000;0.000000;0.000800
25130;0.037119;0.000000;0.000803
25134;0.037087;0.000001;0.000802
25141;0.000000;0.000000;0.000116
25142;0.037119;0.000000;0.000803
25162;0.036973;0.000000;0.000800
25202;0.036829;0.000000;0.000797
25219;0.036969;0.000000;0.000800
25229;0.037119;0.000000;0.000803
2523;0.065135;0.000000;0.000163
25245;0.036885;0.000000;0.000798
2526;0.000000;0.000000;0.000116
25262;0.036794;0.000000;0.000796
2527;0.069354;0.000690;0.000609
25282;0.046131;0.000001;0.000463
25286;0.036969;0.000000;0.000800
25287;0.036834;0.000000;0.000797
2529;0.045667;0.000108;0.000548
25305;0.073526;0.000004;0.000446
25326;0.000000;0.000000;0.000116
25344;0.071699;0.000000;0.000271
25346;0.037000;0.000000;0.000800
25350;0.036969;0.000000;0.000800
25379;0.036424;0.000000;0.000789
25391;0.036969;0.000000;0.000800
25392;0.036651;0.000000;0.000793
25393;0.036854;0.000000;0.000798
2542;0.001372;0.000011;0.001307
25512;0.061037;0.000000;0.000145
25525;0.087549;0.003354;0.001603
2554;0.093340;0.001837;0.001937
25559;0.036820;0.000000;0.000797
25564;0.055330;0.000000;0.000162
25575;0.006523;0.000000;0.000811
2559;0.082517;0.000627;0.001228
25609;0.000000;0.000000;0.000116
257;0.000382;0.000000;0.000544
25716;0.029966;0.000000;0.000671
25717;0.073759;0.000242;0.000614
25789;0.072816;0.000009;0.000307
25851;0.090691;0.003053;0.001821
25852;0.081435;0.000946;0.000826
2587;0.000000;0.000000;0.000116
2591;0.072742;0.001648;0.001097
25929;0.000000;0.000000;0.000116
26;0.055209;0.000673;0.000571
2600;0.090735;0.000281;0.001644
26000;0.060901;0.000165;0.000363
26073;0.070933;0.000989;0.000658
26095;0.000000;0.000000;0.000116
2610;0.081059;0.000000;0.000563
26161;0.036798;0.000000;0.000796
26163;0.048090;0.000000;0.000333
26184;0.000000;0.000000;0.000116
26315;0.000000;0.000000;0.000116
2638;0.099163;0.011809;0.002941
26393;0.000000;0.000000;0.000116
2641;0.061085;0.000679;0.000369
2643;0.000000;0.000000;0.000116
26450;0.069940;0.000001;0.000312
26487;0.000000;0.000000;0.000116
2650;0.007428;0.000004;0.000901
2664;0.086460;0.000001;0.001065
26654;0.045913;0.000679;0.000627
26659;0.062250;0.000679;0.000413
26729;0.037000;0.000000;0.000800
26739;0.036632;0.000000;0.000793
2680;0.000520;0.000000;0.000767
26970;0.037087;0.000001;0.000802
2701;0.080826;0.000090;0.000869
27026;0.036825;0.000000;0.000797
2707;0.074672;0.001430;0.000757
27083;0.052409;0.000000;0.000551
27088;0.036851;0.000000;0.000797
271;0.046040;0.000000;0.000294
27145;0.036854;0.000000;0.000798
27200;0.093153;0.010304;0.002442
27218;0.036802;0.000000;0.000796
27238;0.000000;0.000000;0.000116
27320;0.000000;0.000000;0.000116
2739;0.066123;0.000000;0.000469
27400;0.000000;0.000000;0.000116
27403;0.036664;0.000000;0.000794
27475;0.067256;0.000339;0.000553
27478;0.071769;0.001435;0.001071
27573;0.005772;0.000000;0.000718
27577;0.000000;0.000000;0.000116
27582;0.036346;0.000000;0.000787
2760;0.091050;0.002007;0.001836
27673;0.000794;0.000000;0.000788
27690;0.066213;0.000223;0.000641
27755;0.057393;0.000000;0.000282
2776;0.000000;0.000000;0.000116
27761;0.001905;0.000000;0.000274
27805;0.066339;0.000000;0.000525
2781;0.037272;0.000000;0.000237
27827;0.000000;0.000000;0.000116
2786;0.071133;0.001774;0.000574
27889;0.070746;0.000006;0.000347
27942;0.070957;0.002191;0.000901
28;0.000000;0.000000;0.000116
28054;0.093746;0.001973;0.001906
2811;0.077769;0.000800;0.000824
2813;0.071940;0.000309;0.000844
2814;0.000000;0.000000;0.000116
28233;0.000000;0.000000;0.000116
28240;0.080220;0.000001;0.000470
2825;0.053390;0.000001;0.000257
28289;0.079005;0.000133;0.000772
28299;0.000000;0.000000;0.000116
2833;0.081328;0.000638;0.000845
28334;0.000000;0.000000;0.000116
284;0.084755;0.000077;0.001229
2848;0.078729;0.000859;0.001050
28488;0.000000;0.000000;0.000116
28496;0.077517;0.001040;0.000853
28497;0.077361;0.002725;0.000518
2850;0.074669;0.000285;0.000545
28500;0.069041;0.000121;0.000460
28513;0.000000;0.000000;0.000116
2852;0.064699;0.000006;0.000845
28521;0.000243;0.000000;0.000774
28522;0.000243;0.000000;0.000774
28553;0.040489;0.001357;0.000774
28569;0.000000;0.000000;0.000116
28587;0.085592;0.002486;0.001467
2868;0.075117;0.000959;0.000889
28714;0.036495;0.000000;0.000790
28718;0.005425;0.000000;0.000667
28780;0.067622;0.000000;0.000251
2885;0.000253;0.000000;0.000774
28885;0.037928;0.000000;0.000781
28890;0.050014;0.002036;0.000778
289;0.066568;0.000973;0.000613
28948;0.077450;0.000433;0.000668
2895;0.086864;0.000553;0.001409
29021;0.000000;0.000000;0.000116
29032;0.036756;0.000000;0.000795
2911;0.000000;0.000000;0.000116
29376;0.002943;0.000000;0.000459
29433;0.000000;0.000000;0.000116
2944;0.064494;0.000000;0.000320
2945;0.056186;0.000000;0.000261
2946;0.080552;0.001840;0.000976
29536;0.004201;0.000000;0.000419
29546;0.061037;0.000012;0.000243
29558;0.058739;0.000679;0.000619
29728;0.000000;0.000000;0.000116
29765;0.060488;0.000000;0.000255
2981;0.088203;0.000654;0.001435
2992;0.000000;0.000000;0.000116
2995;0.000000;0.000000;0.000116
3008;0.000518;0.000000;0.000413
30107;0.070901;0.000154;0.000800
3011;0.066766;0.001357;0.000376
30142;0.000769;0.000000;0.000779
30201;0.000000;0.000000;0.000116
30253;0.050999;0.000000;0.000206
30254;0.077586;0.000007;0.000453
3031;0.000000;0.000000;0.000116
30325;0.000354;0.000000;0.000580
30486;0.096532;0.001281;0.002486
30508;0.000000;0.000000;0.000116
30576;0.001137;0.000000;0.000830
30601;0.000000;0.000000;0.000116
3070;0.064747;0.000048;0.000891
30726;0.070213;0.000001;0.000258
30755;0.000368;0.000000;0.000634
308;0.053482;0.000000;0.000316
3080;0.065658;0.000044;0.000349
30802;0.063051;0.000000;0.000286
3090;0.091429;0.001706;0.001893
30973;0.052847;0.000005;0.000436
31;0.000000;0.000000;0.000116
31086;0.000000;0.000000;0.000116
31100;0.093518;0.002773;0.001840
31193;0.000482;0.000000;0.000774
31270;0.090868;0.005945;0.002440
31284;0.004064;0.000003;0.000858
31447;0.061528;0.000042;0.000868
31485;0.000000;0.000000;0.000116
31511;0.000000;0.000000;0.000116
31543;0.000000;0.000000;0.000116
3155;0.077555;0.000064;0.000645
31552;0.000000;0.000000;0.000116
31591;0.000000;0.000000;0.000116
3160;0.061711;0.000653;0.000583
31641;0.065513;0.000000;0.000871
3176;0.083722;0.000036;0.001039
3177;0.090637;0.000651;0.001890
3178;0.097035;0.012149;0.002857
3186;0.039446;0.000000;0.000339
3188;0.071509;0.000786;0.000471
3189;0.073966;0.000000;0.000346
32;0.000000;0.000000;0.000116
32032;0.000000;0.000000;0.000116
3207;0.000000;0.000000;0.000116
3213;0.000000;0.000000;0.000116
3221;0.000000;0.000000;0.000116
32338;0.080740;0.000084;0.000760
32415;0.000539;0.000000;0.000716
3242;0.069327;0.000000;0.000284
32449;0.078589;0.001547;0.000788
32464;0.000000;0.000000;0.000116
32465;0.000000;0.000000;0.000116
32474;0.080006;0.001716;0.000487
325;0.068475;0.000000;0.000334
32528;0.073622;0.000253;0.000517
32572;0.074080;0.000151;0.000793
3261;0.000000;0.000000;0.000116
32622;0.000000;0.000000;0.000116
32624;0.063386;0.000000;0.000228
3268;0.096458;0.004109;0.002284
32758;0.065693;0.000000;0.000886
32759;0.000250;0.000000;0.000774
3284;0.089401;0.001044;0.001352
32854;0.005866;0.000000;0.000717
3289;0.063005;0.000048;0.000793
32940;0.000000;0.000000;0.000116
3296;0.053385;0.000710;0.000447
32975;0.071195;0.000289;0.001024
33;0.071415;0.000000;0.000269
3300;0.072659;0.000022;0.000509
33000;0.082674;0.001565;0.001169
33111;0.000000;0.000000;0.000116
33144;0.000000;0.000000;0.000116
3321;0.067073;0.000002;0.000343
3328;0.000000;0.000000;0.000116
3330;0.000000;0.000000;0.000116
33311;0.041652;0.000679;0.000678
3333;0.000497;0.000000;0.000763
33504;0.000000;0.000000;0.000116
33525;0.000000;0.000000;0.000116
3361;0.074640;0.000000;0.000368
33750;0.061159;0.000000;0.000800
33768;0.000000;0.000000;0.000116
33858;0.080005;0.000103;0.000536
33870;0.000000;0.000000;0.000116
33887;0.084860;0.000915;0.001297
33900;0.000000;0.000000;0.000116
33944;0.070129;0.000000;0.000243
34018;0.060863;0.000127;0.000785
34021;0.064742;0.000000;0.000241
34073;0.057648;0.000000;0.000666
34099;0.004725;0.000001;0.001090
34114;0.000254;0.000000;0.000774
3420;0.062006;0.000000;0.000259
34206;0.091172;0.004497;0.001727
3423;0.073589;0.000000;0.000162
34318;0.000797;0.000000;0.000826
34321;0.000803;0.000000;0.000832
34323;0.001049;0.000004;0.001104
3435;0.079454;0.000029;0.000462
34405;0.069852;0.000119;0.000952
34413;0.000000;0.000000;0.000116
34455;0.063603;0.000324;0.000370
345;0.085203;0.000970;0.001474
34513;0.000000;0.000000;0.000116
34612;0.065298;0.000007;0.000792
34704;0.078545;0.000802;0.000606
34751;0.068656;0.000018;0.000886
348;0.053219;0.000000;0.000475
34815;0.000000;0.000000;0.000116
34853;0.069284;0.000033;0.000322
34856;0.054591;0.000011;0.000244
34901;0.053135;0.001370;0.000732
35;0.000000;0.000000;0.000116
35018;0.035110;0.000000;0.000763
35041;0.000000;0.000000;0.000116
35110;0.067644;0.000380;0.000670
35123;0.066401;0.000162;0.000354
35173;0.000759;0.000000;0.000757
35249;0.000000;0.000000;0.000116
35260;0.000407;0.000000;0.000774
35312;0.003357;0.000000;0.000702
35354;0.077305;0.000164;0.000706
35382;0.000000;0.000000;0.000116
35451;0.000783;0.000000;0.000778
35461;0.059175;0.000035;0.000249
35473;0.060719;0.000036;0.000875
35561;0.069796;0.000326;0.000969
3567;0.092747;0.002954;0.001938
35688;0.037279;0.000000;0.000612
35690;0.063300;0.000000;0.000407
35698;0.060330;0.000000;0.000137
35749;0.000000;0.000000;0.000116
35898;0.000541;0.000001;0.001107
35899;0.000000;0.000000;0.000116
35977;0.055126;0.000000;0.000146
36;0.000243;0.000000;0.000774
3600;0.079768;0.001894;0.000965
36020;0.001150;0.000000;0.000842
36034;0.083044;0.000860;0.000987
36098;0.000000;0.000000;0.000116
3618;0.000000;0.000000;0.000116
3623;0.085165;0.002280;0.001325
36238;0.072808;0.000052;0.000672
36360;0.083487;0.000000;0.000734
36375;0.072203;0.000000;0.000598
36385;0.058214;0.000000;0.000463
36457;0.034684;0.000000;0.000582
36459;0.032666;0.000000;0.000724
36463;0.000000;0.000000;0.000116
36542;0.075493;0.000203;0.000774
36708;0.007138;0.000009;0.000864
36805;0.000784;0.000000;0.000769
36924;0.000000;0.000000;0.000116
36965;0.073262;0.001842;0.000761
36984;0.082921;0.000011;0.000941
370;0.074486;0.000767;0.000728
37106;0.086512;0.002362;0.001367
37134;0.000000;0.000000;0.000116
37339;0.077723;0.000000;0.000266
3735;0.000000;0.000000;0.000116
37388;0.000000;0.000000;0.000116
37404;0.068860;0.000161;0.000547
37408;0.046973;0.000000;0.000205
3741;0.071558;0.000000;0.000352
37423;0.049122;0.000230;0.000401
37431;0.000000;0.000000;0.000116
3747;0.000854;0.000001;0.000955
3748;0.066726;0.000035;0.000318
37499;0.044540;0.000000;0.000238
37536;0.085398;0.000174;0.000984
37539;0.052467;0.000224;0.000500
37586;0.000000;0.000000;0.000116
37587;0.051732;0.000000;0.000260
376;0.058781;0.000000;0.000197
37677;0.075792;0.000572;0.000713
37683;0.066283;0.000227;0.000444
37734;0.058549;0.000004;0.000262
37736;0.075481;0.000685;0.001062
37806;0.070421;0.000027;0.000922
37841;0.069515;0.000000;0.000818
37887;0.081232;0.001273;0.001161
3794;0.000000;0.000000;0.000116
37955;0.081910;0.000287;0.000832
3796;0.054444;0.000000;0.000528
3800;0.000000;0.000000;0.000116
38015;0.047680;0.000000;0.000216
38081;0.074468;0.000509;0.000540
38145;0.053815;0.000000;0.000167
38219;0.064153;0.001732;0.001127
3825;0.000000;0.000000;0.000116
38269;0.054721;0.000000;0.000401
383;0.000000;0.000000;0.000116
38317;0.000000;0.000000;0.000116
38326;0.067835;0.000135;0.000409
38427;0.070685;0.002206;0.001163
38463;0.000000;0.000000;0.000116
38481;0.000000;0.000000;0.000116
38485;0.000000;0.000000;0.000116
38488;0.068434;0.000000;0.000232
38503;0.000000;0.000000;0.000116
38511;0.000000;0.000000;0.000116
38535;0.058466;0.000696;0.000809
38539;0.065704;0.000028;0.000902
38578;0.000799;0.000000;0.000900
38594;0.000000;0.000000;0.000116
38600;0.062514;0.000679;0.000391
38735;0.064415;0.000162;0.000427
3875;0.094163;0.002140;0.001921
38799;0.070455;0.000000;0.001054
389;0.000000;0.000000;0.000116
3891;0.093203;0.002587;0.001559
38983;0.056437;0.000000;0.000173
3913;0.093394;0.002114;0.001912
3922;0.064901;0.000000;0.000169
39232;0.070086;0.000114;0.001070
39270;0.074730;0.000195;0.000346
39272;0.034788;0.000000;0.000587
39293;0.068303;0.000086;0.000424
39308;0.000000;0.000000;0.000116
394;0.075654;0.000520;0.000560
39435;0.067225;0.000005;0.000860
39452;0.000380;0.000000;0.000774
39635;0.080042;0.000310;0.000601
39647;0.000776;0.000000;0.000762
39762;0.003560;0.000000;0.000723
39784;0.000602;0.000000;0.000801
398;0.000000;0.000000;0.000116
39955;0.072048;0.007612;0.001153
39989;0.000000;0.000000;0.000116
40058;0.075272;0.000164;0.000544
40074;0.070034;0.000014;0.000392
4010;0.051814;0.000679;0.000505
40156;0.058549;0.000000;0.000692
4018;0.070361;0.003059;0.001055
40361;0.063924;0.000000;0.000557
4039;0.000792;0.000000;0.000772
40425;0.000000;0.000000;0.000116
40426;0.000000;0.000000;0.000116
40505;0.000000;0.000000;0.000116
40580;0.061425;0.000041;0.000349
40641;0.067804;0.000020;0.000937
40686;0.084479;0.001268;0.001315
4070;0.000948;0.000000;0.000792
40739;0.004082;0.000001;0.000911
40745;0.072946;0.000000;0.000469
4078;0.000807;0.000000;0.000884
408;0.000273;0.000000;0.000774
4081;0.000795;0.000000;0.000774
4085;0.089462;0.000915;0.001474
40852;0.000000;0.000000;0.000116
40868;0.059907;0.000000;0.000420
409;0.000000;0.000000;0.000116
4093;0.000951;0.000000;0.000797
40986;0.000000;0.000000;0.000116
4099;0.000000;0.000000;0.000116
41;0.000000;0.000000;0.000116
41006;0.080242;0.000029;0.000498
41082;0.064498;0.000000;0.000230
41085;0.000000;0.000000;0.000116
41214;0.050048;0.000679;0.000419
41218;0.000000;0.000000;0.000116
41343;0.071665;0.000706;0.001025
41360;0.057748;0.000028;0.000415
41386;0.054109;0.000000;0.000426
41424;0.075211;0.000550;0.000689
41443;0.053177;0.000000;0.000237
41445;0.079558;0.000190;0.000694
41537;0.068751;0.001366;0.000298
416;0.056653;0.000007;0.000251
41617;0.000000;0.000000;0.000116
41687;0.065355;0.000000;0.000177
41771;0.064212;0.001473;0.000826
41832;0.065718;0.000002;0.000314
41873;0.085618;0.001586;0.001567
41907;0.004821;0.000009;0.001131
41910;0.066782;0.000214;0.000460
41915;0.000000;0.000000;0.000116
42;0.000595;0.000000;0.000774
4200;0.077825;0.000002;0.000578
42048;0.067995;0.000000;0.000821
4206;0.076766;0.000910;0.000672
42078;0.066114;0.000000;0.000267
421;0.065601;0.000000;0.000319
42108;0.067901;0.001357;0.000521
42166;0.000000;0.000000;0.000116
4217;0.000000;0.000000;0.000116
42180;0.055825;0.000009;0.000267
42220;0.078670;0.001736;0.000976
42243;0.000250;0.000000;0.000774
42290;0.000000;0.000000;0.000116
42324;0.081314;0.000986;0.000799
42332;0.093494;0.000784;0.002125
42474;0.000000;0.000000;0.000116
42629;0.000000;0.000000;0.000116
42638;0.065343;0.000000;0.000840
42647;0.086230;0.006934;0.001927
42671;0.084149;0.000698;0.001093
42686;0.045444;0.000000;0.000301
42704;0.000000;0.000000;0.000116
42709;0.055408;0.000000;0.000158
42715;0.000251;0.000000;0.000774
42722;0.000000;0.000000;0.000116
4276;0.095941;0.001453;0.002367
42796;0.043891;0.000000;0.000282
4280;0.059156;0.003515;0.000866
42856;0.000000;0.000000;0.000116
42884;0.000340;0.000000;0.000619
42959;0.000000;0.000000;0.000116
42983;0.000000;0.000000;0.000116
42994;0.073930;0.001232;0.000657
42996;0.064340;0.000000;0.000428
42997;0.064317;0.000000;0.000428
43;0.000595;0.000000;0.000774
4300;0.075246;0.000000;0.000481
43010;0.036747;0.000000;0.000795
43063;0.062406;0.000000;0.000389
43089;0.000385;0.000000;0.000551
4320;0.057186;0.000091;0.000393
43240;0.000000;0.000000;0.000116
43255;0.000000;0.000000;0.000116
43286;0.000000;0.000000;0.000116
43302;0.060274;0.000000;0.000265
43376;0.000000;0.000000;0.000116
43427;0.070097;0.000132;0.000983
43450;0.076087;0.000007;0.000539
43453;0.000000;0.000000;0.000116
43491;0.000000;0.000000;0.000116
4352;0.000000;0.000000;0.000116
43591;0.074080;0.000486;0.000381
4361;0.084167;0.001748;0.001145
43614;0.074113;0.000060;0.000275
43627;0.087472;0.001196;0.000971
43628;0.084496;0.000000;0.000483
43629;0.096892;0.004083;0.002387
4363;0.056160;0.000000;0.000605
43660;0.000000;0.000000;0.000116
4367;0.076963;0.000352;0.000696
43671;0.054395;0.000679;0.000395
4368;0.057379;0.000679;0.000376
43757;0.000000;0.000000;0.000116
43759;0.002590;0.000000;0.000224
43936;0.054236;0.008863;0.001452
43945;0.000000;0.000000;0.000116
4397;0.087805;0.000896;0.001583
43970;0.000000;0.000000;0.000116
44028;0.066703;0.000003;0.000338
44112;0.000797;0.000000;0.000780
44125;0.083838;0.004787;0.001571
44126;0.077333;0.000116;0.001079
44235;0.074282;0.000092;0.000550
44325;0.000000;0.000000;0.000116
44369;0.000000;0.000000;0.000116
44385;0.051208;0.000015;0.000464
445;0.045381;0.000000;0.000196
44525;0.000000;0.000000;0.000116
44549;0.000602;0.000000;0.000605
44566;0.069587;0.000000;0.000224
44608;0.069357;0.000004;0.000215
44621;0.000606;0.000000;0.000779
44638;0.076195;0.000000;0.000301
44669;0.000000;0.000000;0.000116
44747;0.089416;0.000183;0.001209
44772;0.000000;0.000000;0.000116
44833;0.000572;0.000001;0.001004
44884;0.066254;0.000702;0.000525
44886;0.062937;0.000010;0.000396
44929;0.054700;0.000000;0.000301
45;0.065086;0.001148;0.000685
45001;0.075374;0.000164;0.000894
4507;0.000000;0.000000;0.000116
45109;0.000000;0.000000;0.000116
45116;0.081315;0.001293;0.001148
4517;0.000000;0.000000;0.000116
45235;0.048515;0.000000;0.000378
45249;0.068416;0.000002;0.000330
45304;0.076878;0.001268;0.001304
45305;0.069203;0.001612;0.000809
45368;0.076254;0.000897;0.001026
45502;0.066433;0.000003;0.000221
45524;0.052316;0.000679;0.000415
45631;0.078106;0.000000;0.000283
45634;0.082974;0.001631;0.001085
45645;0.073486;0.002742;0.001071
45814;0.000000;0.000000;0.000116
45815;0.000000;0.000000;0.000116
4583;0.052917;0.000000;0.000331
45839;0.085248;0.001424;0.001489
45848;0.067779;0.000000;0.000132
45858;0.000000;0.000000;0.000116
45917;0.000000;0.000000;0.000116
45940;0.000000;0.000000;0.000116
45988;0.055333;0.000679;0.000386
46;0.001213;0.000000;0.000867
46019;0.000000;0.000000;0.000116
46032;0.000000;0.000000;0.000116
46134;0.039594;0.000000;0.000310
46333;0.075492;0.003065;0.001505
46342;0.000000;0.000000;0.000116
46407;0.077321;0.000085;0.000463
46409;0.067613;0.005891;0.001745
46423;0.000000;0.000000;0.000116
46440;0.000335;0.000000;0.000595
46449;0.000254;0.000000;0.000774
46479;0.062864;0.000000;0.000144
46661;0.063526;0.000000;0.000251
46681;0.000000;0.000000;0.000116
468;0.072783;0.000681;0.000637
46802;0.000000;0.000000;0.000116
46915;0.000000;0.000000;0.000116
46938;0.062353;0.002709;0.000463
46953;0.063247;0.000000;0.000136
46976;0.068690;0.000237;0.000673
47;0.065039;0.001515;0.000751
47001;0.041321;0.000000;0.000330
47018;0.057439;0.000000;0.000377
4705;0.068646;0.004031;0.001248
47204;0.000000;0.000000;0.000116
47285;0.070146;0.000000;0.000313
47287;0.003040;0.000000;0.000745
47297;0.000260;0.000000;0.000774
47406;0.003935;0.000000;0.000798
47529;0.073469;0.000004;0.000227
47530;0.074183;0.002012;0.000321
47584;0.003661;0.000001;0.000892
47605;0.074085;0.000000;0.000495
47629;0.000266;0.000000;0.000774
47642;0.071601;0.000000;0.000432
47676;0.000273;0.000000;0.000774
47677;0.000273;0.000000;0.000774
47804;0.003881;0.000000;0.000806
47873;0.074426;0.000700;0.000726
4791;0.006740;0.000000;0.000822
47935;0.073273;0.000001;0.000336
47947;0.061533;0.000036;0.000357
48042;0.072012;0.000000;0.000205
48053;0.000000;0.000000;0.000116
48105;0.066140;0.000000;0.000410
48130;0.000000;0.000000;0.000116
48155;0.000251;0.000000;0.000774
48225;0.073195;0.001287;0.001059
48244;0.076374;0.000778;0.001267
48247;0.000000;0.000000;0.000116
48311;0.060250;0.000000;0.000243
48320;0.081511;0.002224;0.001568
48433;0.056525;0.000000;0.000557
48438;0.000000;0.000000;0.000116
48529;0.005468;0.000000;0.000651
48612;0.052164;0.000000;0.000189
48688;0.000000;0.000000;0.000116
49038;0.069597;0.000000;0.000341
49057;0.036068;0.000679;0.000703
49235;0.000000;0.000000;0.000116
49260;0.075588;0.001250;0.001239
49266;0.066470;0.000000;0.000135
49276;0.000000;0.000000;0.000116
49297;0.000000;0.000000;0.000116
49513;0.000000;0.000000;0.000116
49668;0.000000;0.000000;0.000116
4980;0.000000;0.000000;0.000116
49836;0.002872;0.000000;0.000705
49955;0.061011;0.000821;0.000527
500;0.052720;0.000000;0.000343
5000;0.000000;0.000000;0.000116
50040;0.000000;0.000000;0.000116
501;0.044259;0.002691;0.001130
50133;0.000000;0.000000;0.000116
50150;0.000000;0.000000;0.000116
50176;0.063976;0.000000;0.000225
50280;0.000000;0.000000;0.000116
50285;0.005009;0.000016;0.001192
503;0.088307;0.014022;0.002241
50316;0.082863;0.001602;0.000738
50354;0.000000;0.000000;0.000116
50434;0.055054;0.000679;0.000440
50503;0.000000;0.000000;0.000116
50572;0.044651;0.000000;0.000226
50573;0.000000;0.000000;0.000116
50603;0.000000;0.000000;0.000116
50657;0.067166;0.000141;0.000363
507;0.093024;0.000800;0.001898
50742;0.000347;0.000000;0.000627
50750;0.000000;0.000000;0.000116
50922;0.043131;0.000000;0.000213
50954;0.077253;0.001305;0.000894
5097;0.007064;0.000001;0.000862
51;0.052669;0.000000;0.000496
51002;0.054139;0.000000;0.000223
51060;0.069448;0.000000;0.000290
51090;0.000000;0.000000;0.000116
51143;0.000000;0.000000;0.000116
51155;0.053082;0.000000;0.000357
5116;0.048954;0.000000;0.000201
51161;0.078487;0.000027;0.000742
512;0.094274;0.001457;0.002277
51233;0.000000;0.000000;0.000116
51252;0.079048;0.000000;0.000366
5131;0.042253;0.000000;0.000331
51356;0.000000;0.000000;0.000116
514;0.086392;0.002307;0.001367
5160;0.048978;0.002876;0.000727
51613;0.000000;0.000000;0.000116
51836;0.000590;0.000000;0.000760
5186;0.061379;0.000000;0.000144
51935;0.070001;0.000982;0.001192
5197;0.093757;0.003603;0.002041
5199;0.059837;0.000005;0.000234
5200;0.000000;0.000000;0.000116
52006;0.006334;0.000001;0.000784
5201;0.000000;0.000000;0.000116
52090;0.000000;0.000000;0.000116
521;0.071321;0.000297;0.000566
52190;0.046621;0.000000;0.000257
52200;0.036895;0.000001;0.000798
52205;0.036895;0.000001;0.000798
52206;0.036747;0.000000;0.000795
5225;0.077769;0.000247;0.000334
52263;0.056000;0.000691;0.000881
5230;0.000000;0.000000;0.000116
52319;0.055447;0.000000;0.000461
524;0.071545;0.000000;0.000326
52521;0.072689;0.000043;0.000880
52621;0.090745;0.001429;0.001549
52685;0.091846;0.007593;0.002108
52821;0.047766;0.000614;0.000728
52868;0.000000;0.000000;0.000116
52881;0.058244;0.001345;0.000847
52882;0.073927;0.000226;0.000289
52914;0.056320;0.000000;0.000626
52915;0.057640;0.000155;0.000789
52958;0.000000;0.000000;0.000116
5307;0.000256;0.000000;0.000774
5314;0.084175;0.006003;0.001278
5333;0.000795;0.000000;0.000775
53368;0.000000;0.000000;0.000116
53419;0.074674;0.002329;0.001312
53430;0.040198;0.000007;0.000674
53489;0.000000;0.000000;0.000116
53565;0.072136;0.000501;0.000610
53635;0.062164;0.000000;0.000296
537;0.070385;0.000009;0.000784
53720;0.076433;0.000000;0.000225
54;0.054995;0.000003;0.000486
5402;0.053044;0.000000;0.000323
54027;0.000000;0.000000;0.000116
54097;0.074372;0.000390;0.000687
541;0.078830;0.000017;0.000774
54161;0.000000;0.000000;0.000116
54219;0.000000;0.000000;0.000116
5427;0.094567;0.019785;0.002439
5428;0.000000;0.000000;0.000116
543;0.076003;0.000180;0.000506
54338;0.000000;0.000000;0.000116
544;0.052705;0.000679;0.000708
54488;0.069229;0.000187;0.000460
54657;0.000000;0.000000;0.000116
54710;0.000000;0.000000;0.000116
54713;0.054731;0.000000;0.000221
54743;0.079952;0.000000;0.000307
54824;0.070539;0.000588;0.000611
54966;0.000000;0.000000;0.000116
54991;0.000000;0.000000;0.000116
55;0.054148;0.000014;0.001525
550;0.070353;0.000000;0.000227
5500;0.053220;0.000000;0.000269
55024;0.078016;0.000108;0.000752
55059;0.057215;0.000000;0.000342
551;0.035676;0.000000;0.000235
55201;0.082899;0.000682;0.001452
55231;0.070562;0.001171;0.000478
55264;0.049398;0.000000;0.000203
55283;0.065957;0.000250;0.000372
5529;0.100772;0.007863;0.002834
55300;0.000000;0.000000;0.000116
55317;0.000529;0.000000;0.000778
55387;0.000000;0.000000;0.000116
55620;0.000000;0.000000;0.000116
55752;0.000506;0.000000;0.000776
558;0.000000;0.000000;0.000116
55822;0.056262;0.000000;0.000153
55829;0.000000;0.000000;0.000116
55998;0.085685;0.002668;0.001298
56006;0.000000;0.000000;0.000116
5611;0.000000;0.000000;0.000116
56347;0.000249;0.000000;0.000774
564;0.084165;0.000000;0.000901
56463;0.068581;0.001357;0.000586
56517;0.056520;0.001633;0.000958
5657;0.000000;0.000000;0.000116
5658;0.082338;0.000359;0.001000
56590;0.080496;0.000000;0.000574
56608;0.000000;0.000000;0.000116
5669;0.065040;0.003248;0.000965
56712;0.066884;0.000464;0.000351
5682;0.040954;0.000000;0.000449
5683;0.047804;0.001292;0.000741
56877;0.000000;0.000000;0.000116
56880;0.071290;0.000444;0.000703
57009;0.000000;0.000000;0.000116
57037;0.000308;0.000000;0.000774
5720;0.000000;0.000000;0.000116
57227;0.036574;0.000000;0.000792
57260;0.083635;0.001905;0.001181
57303;0.003528;0.000000;0.000864
57317;0.000000;0.000000;0.000116
57333;0.084401;0.000328;0.001115
57342;0.075297;0.000000;0.000673
57374;0.081396;0.001370;0.001032
57421;0.000000;0.000000;0.000116
57426;0.067967;0.000000;0.000300
57431;0.065894;0.000882;0.000747
57493;0.054016;0.000000;0.000327
575;0.055596;0.000000;0.000285
57628;0.073407;0.000872;0.000784
57723;0.061830;0.000000;0.000148
57724;0.076034;0.003167;0.001497
57764;0.000000;0.000000;0.000116
5777;0.062784;0.000679;0.000342
57821;0.000000;0.000000;0.000116
57980;0.000259;0.000000;0.000774
580;0.093453;0.000023;0.002030
58031;0.063383;0.000000;0.000220
58157;0.000000;0.000000;0.000116
58212;0.000000;0.000000;0.000116
58221;0.003130;0.000000;0.000764
5827;0.039796;0.000001;0.000453
583;0.099217;0.009413;0.002783
58465;0.058716;0.000000;0.000145
58585;0.000000;0.000000;0.000116
58804;0.002592;0.000000;0.000226
58866;0.063137;0.000111;0.000842
59;0.000000;0.000000;0.000116
59112;0.000000;0.000000;0.000116
59131;0.059199;0.000178;0.000281
5921;0.097727;0.005185;0.002329
59386;0.049146;0.000000;0.000197
5946;0.093015;0.001299;0.001442
59563;0.070739;0.000361;0.000469
59577;0.048652;0.000000;0.000182
59606;0.077714;0.004243;0.000909
59656;0.000609;0.000000;0.000783
598;0.082739;0.003432;0.000883
59824;0.037064;0.000000;0.000233
59827;0.072502;0.000000;0.000234
5983;0.000000;0.000000;0.000116
59844;0.000000;0.000000;0.000116
599;0.089992;0.000000;0.001675
59924;0.062602;0.000000;0.000135
60;0.067322;0.000000;0.000160
600;0.065668;0.000000;0.000211
60093;0.000000;0.000000;0.000116
601;0.089896;0.000791;0.001409
60230;0.067161;0.001080;0.000684
60279;0.000000;0.000000;0.000116
60360;0.004101;0.000000;0.000875
60408;0.000000;0.000000;0.000116
6043;0.000000;0.000000;0.000116
60464;0.003014;0.000000;0.000737
60479;0.000000;0.000000;0.000116
60558;0.048419;0.000000;0.000161
60692;0.073843;0.000163;0.000641
60766;0.000000;0.000000;0.000116
608;0.000000;0.000000;0.000116
6081;0.079472;0.000087;0.000776
60852;0.088905;0.006091;0.001864
6087;0.000000;0.000000;0.000116
60976;0.000000;0.000000;0.000116
60979;0.000000;0.000000;0.000116
6099;0.003293;0.000000;0.000172
61;0.000482;0.000000;0.000774
610;0.046502;0.001192;0.000464
61168;0.064479;0.000624;0.001127
61221;0.079945;0.000074;0.000809
6124;0.081505;0.000138;0.000707
61262;0.062457;0.000004;0.000840
6130;0.071450;0.003514;0.000781
6133;0.061698;0.000000;0.000371
61364;0.000000;0.000000;0.000116
61477;0.070714;0.000000;0.000252
61543;0.003918;0.000000;0.000813
61565;0.004792;0.000017;0.000627
6157;0.000244;0.000000;0.000774
61614;0.000000;0.000000;0.000116
61851;0.003617;0.000000;0.000883
61963;0.000000;0.000000;0.000116
62;0.051299;0.000945;0.000697
621;0.081364;0.004166;0.001431
62215;0.007246;0.000002;0.000878
62250;0.061593;0.000682;0.000496
623;0.060889;0.000000;0.000179
62383;0.000511;0.000000;0.000782
62704;0.054932;0.000000;0.000400
62754;0.057831;0.000000;0.000235
62940;0.063962;0.000000;0.000142
63203;0.000267;0.000000;0.000774
63545;0.000000;0.000000;0.000116
63659;0.000000;0.000000;0.000116
6381;0.070298;0.000000;0.000213
64;0.056929;0.001781;0.000645
6400;0.082335;0.002793;0.001312
6408;0.073815;0.000000;0.000343
641;0.075190;0.008010;0.002079
64317;0.045942;0.000000;0.000220
6435;0.000000;0.000000;0.000116
644;0.000750;0.000000;0.000508
64478;0.052729;0.000000;0.000255
6456;0.066557;0.002049;0.000742
6478;0.074619;0.000541;0.000497
64908;0.000000;0.000000;0.000116
64931;0.061468;0.000123;0.000595
64974;0.002932;0.000000;0.000731
650;0.070269;0.000000;0.000182
652;0.000000;0.000000;0.000116
6523;0.000442;0.000000;0.000431
65236;0.000000;0.000000;0.000116
65238;0.064089;0.001414;0.001031
65661;0.004506;0.000000;0.000992
65662;0.005043;0.000043;0.001263
65688;0.036846;0.000000;0.000439
657;0.000000;0.000000;0.000116
65903;0.066840;0.000261;0.000478
6593;0.092949;0.002553;0.001950
65993;0.047784;0.000000;0.000256
66048;0.073998;0.001554;0.000745
66057;0.078392;0.000007;0.000604
6615;0.082137;0.000066;0.000644
6635;0.068012;0.000007;0.000361
66555;0.067522;0.000000;0.000349
66583;0.000259;0.000000;0.000774
66619;0.058981;0.000154;0.000448
66638;0.000000;0.000000;0.000116
66785;0.077943;0.000075;0.000624
6688;0.091355;0.000294;0.001791
66923;0.045119;0.000000;0.000363
66994;0.010420;0.000000;0.000127
67092;0.003555;0.000000;0.000870
67098;0.037381;0.000007;0.000596
67138;0.000267;0.000000;0.000774
67149;0.000000;0.000000;0.000116
67180;0.065075;0.000000;0.000602
67330;0.000000;0.000000;0.000116
67363;0.069830;0.000807;0.000583
6737;0.089531;0.000698;0.001458
674;0.087290;0.002448;0.001517
675;0.092881;0.004562;0.002381
6761;0.090229;0.000154;0.001374
6762;0.056672;0.000679;0.000396
67799;0.075185;0.000009;0.000312
67979;0.051267;0.000000;0.000468
6798;0.073514;0.004250;0.001222
68;0.050773;0.000408;0.000696
68185;0.000000;0.000000;0.000116
68283;0.000000;0.000000;0.000116
68291;0.087081;0.000541;0.001434
68465;0.000000;0.000000;0.000116
6852;0.000000;0.000000;0.000116
6867;0.062541;0.000631;0.000398
68680;0.057779;0.000000;0.000234
6885;0.000000;0.000000;0.000116
689;0.071848;0.000005;0.000384
69018;0.000000;0.000000;0.000116
69087;0.061193;0.000185;0.000761
69552;0.003307;0.000000;0.000806
69566;0.000000;0.000000;0.000116
696;0.000000;0.000000;0.000116
69700;0.073615;0.000173;0.001160
699;0.085987;0.001748;0.000732
70;0.074067;0.000000;0.000354
700;0.095535;0.003952;0.002526
7001;0.063480;0.001571;0.000696
70033;0.072494;0.000061;0.000519
70109;0.060651;0.000000;0.000264
70114;0.062109;0.000000;0.000709
70200;0.076251;0.000563;0.000570
70303;0.016393;0.000048;0.000501
70458;0.066903;0.000000;0.000310
70516;0.000000;0.000000;0.000116
70652;0.000000;0.000000;0.000116
70731;0.073696;0.000041;0.000321
708;0.055837;0.000001;0.000340
70891;0.006782;0.000000;0.000824
70954;0.006181;0.000000;0.000749
71;0.000000;0.000000;0.000116
7100;0.000557;0.000000;0.000765
71046;0.057762;0.000001;0.000344
71062;0.000000;0.000000;0.000116
7142;0.074884;0.001827;0.001170
71779;0.000000;0.000000;0.000116
7178;0.092569;0.001420;0.001811
71798;0.083741;0.000050;0.001047
71865;0.000000;0.000000;0.000116
7193;0.000561;0.000000;0.000769
72;0.047072;0.000000;0.000624
7205;0.004385;0.000005;0.000978
7220;0.036794;0.000000;0.000796
7221;0.034892;0.000000;0.000758
72344;0.058245;0.000000;0.000175
7241;0.071016;0.000000;0.000275
72679;0.000000;0.000000;0.000116
72735;0.000000;0.000000;0.000116
7277;0.089154;0.012278;0.002774
72824;0.058414;0.000000;0.000583
72890;0.048237;0.000000;0.000193
72936;0.067898;0.000000;0.000158
73;0.042808;0.000000;0.000295
730;0.094445;0.003765;0.002324
73004;0.072214;0.000015;0.000433
73011;0.037310;0.000005;0.000600
731;0.076728;0.000230;0.000871
73144;0.059650;0.000000;0.000154
7321;0.000260;0.000000;0.000774
73237;0.052531;0.000000;0.000350
73257;0.002174;0.000000;0.000446
7326;0.075812;0.000000;0.000350
7370;0.000000;0.000000;0.000116
73848;0.081978;0.001962;0.000628
73849;0.000000;0.000000;0.000116
74;0.059921;0.001357;0.000426
74039;0.056490;0.000000;0.000164
74222;0.000000;0.000000;0.000116
7439;0.057918;0.000000;0.000374
7452;0.079925;0.000000;0.000448
74723;0.000506;0.000001;0.001107
75007;0.002981;0.000000;0.000454
75011;0.000000;0.000000;0.000116
75170;0.000000;0.000000;0.000116
75201;0.000267;0.000000;0.000774
7524;0.000000;0.000000;0.000116
75288;0.060733;0.000028;0.000651
754;0.064875;0.000022;0.000204
75425;0.000000;0.000000;0.000116
75883;0.058682;0.000000;0.000312
75948;0.060208;0.004160;0.000973
76;0.000724;0.000000;0.000280
76214;0.000000;0.000000;0.000116
76505;0.000000;0.000000;0.000116
766;0.095787;0.001409;0.002424
768;0.093493;0.001276;0.002383
769;0.000000;0.000000;0.000116
76952;0.071733;0.000000;0.000356
76954;0.051987;0.000000;0.000158
76955;0.053244;0.000739;0.000538
76961;0.068988;0.000002;0.000240
76993;0.056789;0.000248;0.000657
76995;0.000272;0.000000;0.000774
76996;0.054178;0.000000;0.000305
77;0.086838;0.000381;0.001289
7700;0.000000;0.000000;0.000116
77001;0.000000;0.000000;0.000116
77004;0.057004;0.000000;0.000147
77016;0.000272;0.000000;0.000774
77021;0.000000;0.000000;0.000116
77025;0.044749;0.000015;0.000713
77033;0.060681;0.000014;0.000587
77036;0.058418;0.000000;0.000147
77056;0.062833;0.000000;0.000472
77058;0.091331;0.010038;0.002521
77064;0.044144;0.000000;0.000478
77066;0.000000;0.000000;0.000116
77067;0.000260;0.000000;0.000774
77069;0.050945;0.000000;0.000265
77074;0.000000;0.000000;0.000116
77097;0.065737;0.000000;0.000248
77102;0.000000;0.000000;0.000116
77104;0.000000;0.000000;0.000116
77105;0.065225;0.000000;0.000190
77108;0.000000;0.000000;0.000116
77109;0.060708;0.000000;0.000150
77111;0.057355;0.000000;0.000276
77115;0.000000;0.000000;0.000116
77131;0.000000;0.000000;0.000116
77145;0.000000;0.000000;0.000116
773;0.000828;0.000002;0.001010
7735;0.095689;0.000612;0.002197
779;0.000357;0.000000;0.000774
78;0.063841;0.002800;0.000739
782;0.000000;0.000000;0.000116
7829;0.066309;0.000000;0.000133
7849;0.000000;0.000000;0.000116
785;0.000000;0.000000;0.000116
786;0.086910;0.000146;0.001564
7889;0.000000;0.000000;0.000116
790;0.001121;0.000007;0.000886
792;0.072240;0.000000;0.000263
798;0.007294;0.000000;0.000887
7986;0.055310;0.000000;0.000201
7999;0.065339;0.000000;0.000438
80;0.000000;0.000000;0.000116
805;0.064665;0.000096;0.000296
8092;0.052846;0.002034;0.000599
8102;0.000000;0.000000;0.000116
8106;0.061522;0.000002;0.000285
811;0.000357;0.000000;0.000774
8117;0.090801;0.000085;0.001503
8120;0.043226;0.000000;0.000242
8121;0.000964;0.000000;0.000794
8147;0.000000;0.000000;0.000116
815;0.079724;0.003119;0.001514
816;0.075975;0.000373;0.001009
8187;0.082815;0.001082;0.001326
8197;0.000000;0.000000;0.000116
82;0.093417;0.003808;0.002236
821;0.095150;0.000376;0.002293
829;0.081986;0.004669;0.001002
8299;0.082075;0.000270;0.000714
830;0.044731;0.000000;0.000386
8300;0.078406;0.002042;0.000854
831;0.085023;0.000033;0.000752
833;0.000000;0.000000;0.000116
834;0.079371;0.003448;0.001406
84;0.080255;0.000020;0.000701
8419;0.061241;0.000000;0.000215
8426;0.000000;0.000000;0.000116
8438;0.045608;0.000000;0.000287
844;0.000766;0.000000;0.000629
847;0.000000;0.000000;0.000116
8486;0.000000;0.000000;0.000116
8492;0.061747;0.000000;0.000135
851;0.000000;0.000000;0.000116
852;0.059447;0.001669;0.000920
8525;0.000741;0.000001;0.001130
8578;0.000000;0.000000;0.000116
8581;0.000000;0.000000;0.000116
86;0.080711;0.002008;0.000658
8601;0.058118;0.003880;0.000825
863;0.058042;0.000002;0.000570
8642;0.085940;0.001923;0.001094
8710;0.000000;0.000000;0.000116
876;0.000000;0.000000;0.000116
8775;0.038758;0.000000;0.000326
8800;0.049041;0.000043;0.000670
8813;0.077369;0.000679;0.000727
882;0.094259;0.001266;0.002208
883;0.092135;0.000007;0.002014
885;0.000786;0.000000;0.000649
8861;0.062540;0.000014;0.000330
887;0.000534;0.000000;0.000374
8954;0.089502;0.000012;0.001772
901;0.000000;0.000000;0.000116
902;0.000000;0.000000;0.000116
9070;0.000000;0.000000;0.000116
910;0.052439;0.000679;0.000411
9105;0.000000;0.000000;0.000116
914;0.088015;0.000041;0.001576
9151;0.072908;0.000000;0.000229
9182;0.092285;0.000000;0.001828
921;0.000000;0.000000;0.000116
925;0.077291;0.003681;0.001256
932;0.000000;0.000000;0.000116
9334;0.088777;0.002727;0.001683
935;0.079509;0.000159;0.000629
9363;0.083513;0.000797;0.001513
940;0.087756;0.000473;0.001382
944;0.076070;0.001617;0.000800
9611;0.068410;0.000043;0.000500
9622;0.000000;0.000000;0.000116
963;0.097287;0.001423;0.002563
9660;0.000000;0.000000;0.000116
9662;0.056688;0.000001;0.000491
967;0.096320;0.001299;0.002400
968;0.097153;0.004233;0.002552
969;0.094572;0.001156;0.002185
9700;0.000338;0.000000;0.000587
972;0.000000;0.000000;0.000116
974;0.078660;0.000001;0.000728
9745;0.057499;0.000000;0.000232
98;0.093480;0.000240;0.002102
9800;0.000256;0.000000;0.000774
9830;0.076669;0.001552;0.000802
986;0.000244;0.000000;0.000774
996;0.095580;0.004335;0.002387
9981;0.074613;0.000003;0.000416
