livreId;scoreGlobal
128;0.776595
2638;0.706540
13623;0.700648
3178;0.687712
5529;0.677938
583;0.675266
1259;0.671511
5427;0.655824
1260;0.653937
7277;0.652349
1184;0.648381
14833;0.643369
2038;0.639744
968;0.620339
27200;0.618413
77058;0.618016
10643;0.616593
12758;0.616498
700;0.611800
963;0.611578
1917;0.604897
13437;0.603412
996;0.603251
768;0.600543
5921;0.599044
43629;0.598160
766;0.595810
30486;0.595625
730;0.592572
31270;0.591145
503;0.590038
967;0.588249
675;0.587241
1023;0.587180
145;0.582414
3268;0.582338
4276;0.581897
5197;0.580052
1400;0.578386
512;0.567922
821;0.566532
82;0.566230
98;0.565408
6593;0.561331
52685;0.559589
155;0.556337
2554;0.554894
7735;0.554665
882;0.554442
202;0.551913
969;0.551602
22400;0.548823
15263;0.544280
24518;0.543941
28054;0.540913
42332;0.538882
2077;0.538601
1257;0.537757
580;0.528996
3567;0.521906
18247;0.521329
883;0.521136
3875;0.520949
3913;0.517505
17845;0.517500
42647;0.515222
2153;0.514150
84;0.513833
1399;0.513705
3090;0.513613
60852;0.512089
31100;0.511354
507;0.508287
641;0.505885
3177;0.501618
34206;0.501378
7178;0.500599
25851;0.500002
2760;0.499037
15143;0.498907
9182;0.494314
14033;0.493920
119;0.491973
12788;0.491555
18707;0.491365
10947;0.490404
2600;0.490218
6688;0.488662
16317;0.487039
13707;0.486518
4085;0.483606
14194;0.483431
21327;0.483039
8954;0.480476
345;0.480149
203;0.478282
37106;0.477108
9334;0.476916
15043;0.475275
21291;0.473830
3891;0.473665
599;0.472672
110;0.472328
245;0.472217
6761;0.471622
141;0.470080
1564;0.467046
25525;0.466957
52621;0.466161
2701;0.465414
1342;0.459428
44125;0.456013
4397;0.455126
14140;0.453406
20546;0.452862
786;0.452459
5946;0.452338
914;0.452269
674;0.451031
8117;0.450057
41873;0.447509
1661;0.445868
6737;0.444312
28587;0.439977
815;0.439343
48320;0.438878
11870;0.438075
601;0.437811
514;0.437433
45839;0.436520
2981;0.435766
46409;0.433433
153;0.431893
9363;0.430476
68291;0.429918
940;0.429527
1081;0.429105
3284;0.428317
621;0.427405
2895;0.427280
11027;0.427082
15679;0.426150
14988;0.425614
55201;0.425333
1497;0.423362
5314;0.422863
20916;0.422632
224;0.419791
3623;0.418700
834;0.417981
46333;0.417854
55998;0.417444
1298;0.415793
57724;0.415554
6400;0.414210
40686;0.412824
2048;0.412294
77;0.411350
2160;0.410704
33887;0.408271
44747;0.408030
108;0.407695
8187;0.405529
13514;0.402663
158;0.400060
161;0.398549
284;0.396722
12587;0.393236
57260;0.392552
233;0.392468
1946;0.392075
2559;0.392043
45304;0.391935
925;0.390671
24739;0.390404
4361;0.390236
135;0.388924
8642;0.388723
57333;0.388706
829;0.388598
53419;0.387867
33000;0.387273
19846;0.386761
15474;0.382756
19699;0.382313
36034;0.381946
221;0.381889
45634;0.381689
11703;0.380718
37887;0.380484
42671;0.380098
45116;0.379185
2664;0.378789
48244;0.378403
19725;0.377162
39955;0.376930
6798;0.376696
2087;0.375705
49260;0.375544
43627;0.374488
7142;0.374320
2591;0.373040
3176;0.371333
43936;0.368730
71798;0.368656
4705;0.367524
37536;0.366137
57374;0.365520
2848;0.365476
12030;0.362789
11982;0.362651
5658;0.360840
3600;0.360204
598;0.358659
1268;0.358569
55;0.358245
14471;0.358169
121;0.357934
2946;0.357246
15250;0.356251
38427;0.354576
44126;0.353815
69700;0.353775
22542;0.352640
36984;0.352428
564;0.352113
42324;0.351453
45645;0.351436
42220;0.350920
51935;0.349976
2166;0.349551
45368;0.349299
59606;0.349045
37736;0.348492
107;0.348081
1237;0.347094
816;0.345768
1404;0.344882
699;0.343962
100;0.343810
48225;0.343521
4018;0.342257
27478;0.341406
2833;0.341295
8300;0.339358
2148;0.338651
24526;0.337524
41445;0.337189
1750;0.337178
37955;0.337054
25852;0.336944
18857;0.336567
831;0.335763
2413;0.335104
6130;0.334848
50954;0.334672
50316;0.332983
15000;0.332939
41343;0.332593
1150;0.332190
39232;0.331857
122;0.330586
38799;0.329953
15;0.329928
61221;0.329447
32975;0.329253
28496;0.329193
18;0.328820
38219;0.328691
2868;0.328238
13529;0.328052
36360;0.327747
32449;0.326579
2811;0.326547
731;0.325961
140;0.325356
394;0.325281
45001;0.324906
6081;0.324664
61168;0.324557
20023;0.324383
9830;0.324146
32338;0.323852
8299;0.322725
43427;0.321579
541;0.321306
12383;0.320914
86;0.320884
1685;0.320732
944;0.320191
27942;0.320167
28289;0.319836
39635;0.319606
6124;0.319471
12732;0.319288
35561;0.318803
11030;0.318336
73848;0.317657
10136;0.317049
2707;0.316559
5669;0.316003
52521;0.315613
34405;0.315547
175;0.315200
55024;0.314974
51161;0.314189
65238;0.314142
10676;0.314131
974;0.313747
105;0.313406
37806;0.313247
6615;0.313135
205;0.312147
8813;0.311915
57628;0.311898
36542;0.311839
37677;0.310248
66048;0.309148
4367;0.308928
2813;0.308495
36965;0.308107
32572;0.307960
24869;0.307854
13415;0.307444
40641;0.307012
35354;0.306545
4206;0.306171
75948;0.305395
143;0.305257
935;0.304645
47873;0.304069
2149;0.303784
34751;0.303205
370;0.303056
28948;0.302839
2610;0.302253
45305;0.301928
30107;0.300871
1581;0.300768
21700;0.299959
34704;0.299932
2852;0.299615
41424;0.299474
22091;0.299068
3155;0.298895
2397;0.298597
43628;0.298549
56590;0.298256
1849;0.298140
37841;0.297619
38539;0.297501
66785;0.297411
66057;0.297229
32474;0.297207
57342;0.297164
39435;0.296529
54097;0.296359
4280;0.296268
537;0.295811
10712;0.294870
45;0.294757
1942;0.294530
32758;0.294374
42994;0.294129
12753;0.293849
33858;0.293685
1513;0.293245
42048;0.292896
4200;0.292790
28497;0.292483
2085;0.292316
3070;0.292292
31641;0.291858
1074;0.291767
1155;0.291427
25717;0.290352
2350;0.290084
217;0.289755
2009;0.289589
4300;0.289277
56880;0.289014
36238;0.289012
41006;0.288693
852;0.288612
30254;0.288180
60692;0.288150
70200;0.288046
41771;0.288024
42638;0.287774
10890;0.287324
56517;0.287053
468;0.286837
17314;0.286822
6456;0.286260
25344;0.286036
20158;0.285846
10657;0.285179
28240;0.284909
26073;0.284783
1727;0.283764
15475;0.283652
17034;0.283275
58866;0.283050
46976;0.282717
47;0.282579
7452;0.282471
34612;0.282424
11;0.282366
2850;0.282336
1170;0.281811
2400;0.281476
3435;0.281173
521;0.281144
78;0.281090
43450;0.281087
57431;0.280734
61262;0.280188
2527;0.280108
53565;0.280101
40058;0.279872
31447;0.279648
8601;0.279620
38081;0.278825
35473;0.278518
3300;0.277991
2786;0.277879
1200;0.277703
44235;0.277426
543;0.277423
60230;0.277061
36375;0.276761
3289;0.275773
54824;0.275506
35110;0.275229
12;0.275201
46407;0.275131
2641;0.274600
22;0.274106
52263;0.273725
6478;0.273139
21200;0.273017
52881;0.273001
56463;0.272775
501;0.271929
32528;0.271886
19488;0.271850
10681;0.271288
69087;0.271071
1174;0.270976
67363;0.270943
16966;0.270821
24001;0.270768
33750;0.270139
19924;0.269942
7001;0.269865
10827;0.269832
2044;0.269270
47605;0.269149
289;0.269128
27690;0.268883
70033;0.268741
34018;0.268253
1906;0.267932
25305;0.267799
51252;0.267461
10609;0.267157
1640;0.266165
1301;0.266085
38535;0.265500
14472;0.265070
16643;0.264071
16469;0.263618
5225;0.263252
54743;0.263123
14726;0.263066
40745;0.263033
18047;0.262631
37404;0.261986
3188;0.261862
16452;0.261557
55231;0.261254
42108;0.261164
9981;0.261126
70114;0.261093
13611;0.261046
2456;0.260485
45631;0.260447
18755;0.259782
34901;0.259577
52915;0.259312
27475;0.259076
10381;0.258893
11339;0.258279
164;0.257590
16389;0.257554
7326;0.257256
59563;0.257205
73004;0.257075
43591;0.256546
1874;0.256423
204;0.256337
67180;0.256092
223;0.255416
2150;0.255286
11945;0.255260
3361;0.255213
47530;0.255137
47642;0.253877
15399;0.253685
9611;0.253662
23639;0.253300
39270;0.253017
10636;0.252877
17396;0.252475
28500;0.252434
44884;0.252371
2300;0.252049
10;0.252020
11531;0.251996
27805;0.251752
44638;0.251578
3189;0.251539
67799;0.251273
70;0.251197
54488;0.251032
37339;0.250797
20583;0.250312
1597;0.250234
16927;0.250215
75288;0.249577
6408;0.249405
40156;0.248311
689;0.248216
65903;0.247822
3160;0.247611
139;0.247417
40074;0.247172
74;0.247143
40361;0.247139
4363;0.247000
21765;0.246902
64931;0.246565
47935;0.246543
70731;0.245813
2464;0.245505
2074;0.245449
13940;0.244988
64;0.244947
67979;0.244801
76952;0.244676
39293;0.244675
2739;0.244634
28890;0.244285
38326;0.244216
41910;0.244008
34073;0.243745
18590;0.243556
3741;0.243534
29558;0.243200
52882;0.243178
3011;0.243138
7241;0.242679
2151;0.242218
37683;0.241850
53720;0.241760
25789;0.241723
22373;0.241434
43614;0.241385
27889;0.241284
77033;0.241176
8492;0.240930
11483;0.240777
524;0.240754
46938;0.240733
14880;0.239871
1837;0.239644
76993;0.239478
49955;0.238361
1228;0.237890
146;0.237574
41537;0.237257
2199;0.237210
48105;0.237194
7999;0.237133
244;0.236685
49038;0.236409
544;0.236128
62250;0.235796
66555;0.235746
26;0.235639
19800;0.235481
23700;0.235433
5160;0.235215
863;0.234646
20439;0.234474
47285;0.234280
792;0.234275
35123;0.234223
9151;0.234183
34853;0.234133
72824;0.234052
26450;0.233956
6635;0.233938
77056;0.233650
52914;0.233633
19690;0.233488
62;0.233469
33;0.233175
8800;0.233137
47529;0.233123
50657;0.232703
38735;0.232616
59827;0.232520
1079;0.232458
325;0.232189
12655;0.232110
13240;0.231761
13621;0.231716
42996;0.231622
2376;0.231619
42997;0.231529
45249;0.231422
56712;0.230982
55283;0.230526
26659;0.230121
44028;0.229933
51060;0.229769
57426;0.229760
242;0.229712
23;0.229483
1429;0.229469
35690;0.229417
3321;0.228899
61477;0.228833
1004;0.228796
33944;0.228758
5683;0.228452
3242;0.227911
2147;0.227615
68;0.227419
30726;0.227291
1153;0.227155
48433;0.227092
8092;0.226952
6867;0.226738
22381;0.226662
3296;0.226185
10800;0.226164
48042;0.226135
3080;0.225956
2383;0.225878
44886;0.225511
550;0.225175
3423;0.225001
10378;0.224972
3748;0.224946
34455;0.224789
16764;0.224757
38600;0.224593
70458;0.224502
421;0.224021
24345;0.224007
1156;0.223675
13610;0.223459
228;0.223358
52821;0.223110
171;0.223100
1056;0.222759
76961;0.222752
43063;0.222610
9662;0.221930
6381;0.221777
44566;0.221491
6133;0.221365
16833;0.221240
45502;0.221143
41832;0.221048
44608;0.220346
16436;0.220274
120;0.220215
10150;0.220137
38488;0.219940
650;0.219902
1320;0.219075
20303;0.219003
66619;0.218931
2097;0.218884
2944;0.218816
28780;0.218757
5777;0.218677
805;0.218045
36385;0.217698
52319;0.217670
40868;0.217574
22566;0.217559
42078;0.217088
41360;0.216808
600;0.216718
76955;0.216313
21339;0.215711
40580;0.214976
3796;0.214940
47947;0.214588
26000;0.214304
11894;0.214037
12814;0.213708
8861;0.213671
10031;0.213468
27083;0.213372
13549;0.213096
77097;0.212966
17157;0.212027
28553;0.211541
54;0.211509
2488;0.210983
34021;0.210939
14020;0.209966
77025;0.209651
30802;0.209597
1177;0.209581
72936;0.209442
13701;0.209399
6762;0.209375
18442;0.208821
50434;0.208531
53635;0.208263
14314;0.207925
37539;0.207559
47018;0.207548
51;0.207543
4320;0.207499
60;0.207442
4010;0.207402
41082;0.207296
25219;0.207040
4368;0.206915
72;0.206904
26654;0.206846
19104;0.206609
46661;0.206582
25162;0.206283
7439;0.206273
348;0.205927
15859;0.205814
8106;0.205637
3420;0.205322
45848;0.204987
25128;0.204870
50176;0.204864
754;0.204567
25142;0.204354
52206;0.204003
77105;0.203973
71046;0.203784
32624;0.203170
75883;0.203086
23825;0.202906
41687;0.202872
58031;0.202615
45988;0.202488
1353;0.202405
24029;0.202024
38269;0.201700
25559;0.201628
24099;0.201592
49266;0.201341
910;0.201314
41386;0.201298
55059;0.201259
20851;0.201176
25245;0.201098
3922;0.200842
43671;0.200767
33311;0.200379
62704;0.200375
70109;0.200244
2523;0.200226
29765;0.199956
149;0.199782
43302;0.199766
7829;0.199697
25286;0.199633
25134;0.199542
24162;0.199477
16527;0.199452
24273;0.199328
45524;0.199234
11224;0.199089
26970;0.199042
24264;0.198922
27218;0.198904
23910;0.198874
25391;0.198836
24032;0.198674
24239;0.198660
25350;0.198588
25130;0.198586
25346;0.198575
24156;0.198563
30973;0.198431
24233;0.198404
25229;0.198392
59131;0.198375
24154;0.198275
29546;0.198273
23841;0.198263
24226;0.198254
102;0.198225
25379;0.198173
24183;0.198132
28885;0.198024
23962;0.197949
23817;0.197941
26729;0.197809
52200;0.197793
1872;0.197778
27026;0.197766
25393;0.197697
23835;0.197663
44385;0.197625
29032;0.197453
52205;0.197308
26161;0.197264
25392;0.197202
27088;0.197135
23938;0.197098
25287;0.197075
23876;0.197069
27145;0.196997
23838;0.196910
25202;0.196899
25262;0.196833
24169;0.196775
7220;0.196756
27403;0.196624
43010;0.196601
23950;0.196484
8419;0.196366
24060;0.196215
15238;0.196212
57227;0.196137
26739;0.196072
28714;0.195746
48311;0.195700
708;0.195662
27582;0.195503
37734;0.195297
21829;0.194763
51155;0.194672
62940;0.194432
1531;0.193850
35461;0.193514
10732;0.193499
5199;0.193361
27755;0.192873
14818;0.192855
1251;0.192721
15076;0.192637
2529;0.191890
41214;0.191494
53430;0.191418
35018;0.191412
77111;0.191294
46953;0.191172
46479;0.191034
16769;0.190538
57493;0.190255
308;0.190203
623;0.189542
59924;0.189233
16;0.189032
17090;0.188557
2542;0.188489
57723;0.188303
575;0.188249
500;0.188198
5186;0.188179
610;0.188043
62754;0.187832
10615;0.187812
10715;0.187707
37423;0.187516
68680;0.187241
7221;0.187232
1695;0.187058
44929;0.186985
416;0.186718
376;0.186560
1279;0.186493
9745;0.186456
73237;0.186437
1717;0.186356
25282;0.186355
42180;0.186146
2945;0.186121
76996;0.185964
25512;0.185935
77109;0.185843
4583;0.185660
5402;0.185291
49057;0.185216
17;0.184779
21394;0.184058
113;0.184004
1322;0.183534
20;0.183351
73144;0.183010
35698;0.182595
12843;0.182314
72344;0.182066
64317;0.181943
67098;0.181936
18269;0.180209
11582;0.179416
34856;0.179415
1252;0.179235
22456;0.179157
45235;0.178931
58465;0.178708
2131;0.178536
5500;0.178469
7986;0.177994
77036;0.177977
77064;0.177741
22994;0.177685
54713;0.177083
174;0.177039
2825;0.177035
74039;0.176581
38983;0.176241
36459;0.176223
19033;0.175541
51002;0.175053
35688;0.174970
64478;0.174761
41443;0.174510
77004;0.174155
73011;0.173419
55822;0.173377
16328;0.173289
37587;0.172737
26163;0.171372
77069;0.170989
1998;0.170915
25564;0.170805
8438;0.170744
42709;0.170279
21;0.170101
830;0.169957
38145;0.169891
5827;0.169444
222;0.169179
35977;0.169114
19994;0.167997
1210;0.167867
1526;0.167792
12410;0.167659
66923;0.166847
5682;0.166602
48612;0.166140
18947;0.165775
15776;0.165340
10002;0.165118
25716;0.164796
39272;0.164178
10148;0.164107
30253;0.163482
271;0.163367
36457;0.162850
1001;0.162698
65662;0.162426
52190;0.161390
65993;0.161009
20417;0.160487
76954;0.160327
5131;0.159637
42686;0.159518
5116;0.159036
1173;0.158876
2226;0.158733
55264;0.158479
37499;0.157075
59386;0.156853
11937;0.156176
38015;0.156125
215;0.155983
10741;0.155662
50285;0.153729
72890;0.153623
73;0.153562
59577;0.153370
1658;0.152789
47001;0.152556
1212;0.152234
42796;0.152202
37408;0.151489
19322;0.151446
65688;0.151036
60558;0.150491
1672;0.149384
50572;0.149318
16501;0.149208
43;0.148488
1524;0.148071
16464;0.147896
3186;0.147227
14969;0.146279
50922;0.146176
445;0.145699
8120;0.145190
8775;0.145143
41907;0.144856
46134;0.143475
1450;0.142668
18251;0.141246
2650;0.140297
16433;0.139212
34099;0.138870
8525;0.132433
17489;0.131041
34323;0.130329
2781;0.130264
35898;0.129252
14244;0.128932
74723;0.128546
17989;0.127797
20785;0.126853
65661;0.126168
59824;0.125844
7205;0.125676
13951;0.124383
1533;0.123240
1726;0.122912
1532;0.122518
551;0.121728
14155;0.121232
2000;0.120917
798;0.120599
1636;0.120415
19919;0.119865
62215;0.119757
17519;0.119705
22120;0.119658
46;0.119317
1515;0.118281
36708;0.117556
773;0.117049
5097;0.116665
44833;0.115326
70891;0.114797
40739;0.114227
31284;0.113862
14287;0.112205
47584;0.111604
4791;0.111313
1232;0.110118
3747;0.110074
60360;0.109825
67092;0.109768
61851;0.109659
408;0.109249
25575;0.108529
23654;0.108210
57303;0.107515
52006;0.104820
24022;0.104554
1523;0.103244
4078;0.103136
844;0.102993
38578;0.102872
790;0.102493
779;0.101884
61543;0.100877
70954;0.100695
47406;0.100221
19337;0.100215
47804;0.100024
27673;0.098963
4093;0.098784
69552;0.098710
2680;0.098604
70303;0.098531
20203;0.098481
36020;0.097082
20228;0.096491
22976;0.096248
34321;0.096218
58221;0.095799
32854;0.095776
30576;0.095676
14591;0.094571
36;0.094514
27573;0.094232
34318;0.093982
1600;0.093794
61;0.092951
1519;0.092689
209;0.092223
30142;0.091514
39784;0.090576
8121;0.090182
10607;0.090096
4070;0.089720
35451;0.089708
47287;0.089547
1754;0.089313
9800;0.089250
12297;0.089147
4081;0.088980
159;0.088947
47629;0.088869
55317;0.088793
60464;0.088633
44621;0.088600
39762;0.088563
36805;0.088431
2885;0.088319
15725;0.088318
48155;0.088143
75201;0.087715
1756;0.087623
131;0.087501
64974;0.087436
4039;0.087394
1091;0.087353
44112;0.087308
62383;0.087292
59656;0.087281
42;0.087198
28718;0.087100
14417;0.087032
47677;0.086972
5333;0.086898
12045;0.086898
10897;0.086869
56347;0.086864
57037;0.086834
67138;0.086790
5307;0.086753
31193;0.086639
39452;0.086586
7321;0.086475
246;0.086418
15210;0.086418
2229;0.086368
6157;0.086351
39647;0.086317
24950;0.086250
15877;0.086143
1152;0.085979
55752;0.085977
28522;0.085927
35260;0.085864
77016;0.085826
42715;0.085798
811;0.085767
148;0.085762
11438;0.085753
7193;0.085698
32759;0.085674
77067;0.085640
2428;0.085534
986;0.085484
1093;0.085469
42243;0.085463
1051;0.085446
28521;0.085431
34114;0.085399
35312;0.085371
3333;0.085370
66583;0.085287
63203;0.085206
47676;0.085088
76995;0.085049
46449;0.084992
47297;0.084982
57980;0.084952
13065;0.084948
7100;0.084925
48529;0.084904
35173;0.084775
49836;0.084126
51836;0.084123
18897;0.083240
32415;0.080524
61565;0.079756
101;0.075871
1522;0.073731
1591;0.073281
885;0.071458
50742;0.070285
21000;0.070259
1012;0.069518
30755;0.067462
42884;0.067284
44549;0.064621
46440;0.064203
9700;0.061432
1508;0.060808
30325;0.060619
22367;0.057987
257;0.057871
43089;0.056950
644;0.054473
29376;0.053249
75007;0.052231
76;0.051938
29536;0.051454
2232;0.049874
73257;0.049674
41;0.049339
6523;0.042197
14522;0.041669
3008;0.040412
1643;0.039411
1514;0.038073
887;0.035262
13726;0.033040
66994;0.032922
2446;0.032197
1572;0.032094
3207;0.031369
27761;0.030714
1112;0.027487
5200;0.026233
58804;0.023975
7370;0.022986
43759;0.022388
1041;0.020981
23045;0.019264
6099;0.019041
60976;0.017805
72679;0.016758
26184;0.016478
409;0.015942
53368;0.014620
27827;0.014599
10007;0.014535
2814;0.013150
219;0.013049
17199;0.012591
15272;0.010869
4217;0.009912
35899;0.009877
2274;0.009390
7700;0.009327
19942;0.009305
236;0.009039
35;0.008850
132;0.008431
29433;0.008430
147;0.008386
851;0.008091
10623;0.008005
31552;0.007829
3800;0.007667
921;0.007592
37134;0.007500
3825;0.007381
58585;0.007256
160;0.007020
6087;0.006468
12242;0.006431
103;0.006249
902;0.005628
69566;0.005610
20239;0.005474
51356;0.005436
59;0.005407
14977;0.005170
14328;0.005108
398;0.005092
5230;0.005001
1289;0.004802
1250;0.004766
4517;0.004619
11231;0.004543
45109;0.004505
23042;0.004428
696;0.004416
71;0.004343
1974;0.004333
10554;0.004279
8581;0.004235
932;0.004229
29728;0.004221
8710;0.004174
1656;0.004172
2500;0.004117
44525;0.004079
2388;0.004074
972;0.004066
41617;0.003983
1057;0.003882
71865;0.003864
43453;0.003788
61963;0.003763
4507;0.003681
7524;0.003533
52958;0.003518
49513;0.003451
48438;0.003440
56877;0.003403
59112;0.003325
2130;0.003289
25141;0.003271
23997;0.003204
16119;0.003172
36098;0.003117
14568;0.003087
57821;0.003081
14975;0.002991
1254;0.002927
59844;0.002810
30201;0.002765
60479;0.002739
51143;0.002712
31543;0.002696
7849;0.002695
3221;0.002692
80;0.002665
785;0.002629
49297;0.002583
10625;0.002551
8578;0.002551
9622;0.002532
227;0.002482
38485;0.002335
4099;0.002318
17192;0.002248
5611;0.002239
51090;0.002236
5000;0.002230
75011;0.002189
32;0.002176
1642;0.002151
2017;0.002142
31591;0.002094
33870;0.002082
68283;0.002081
17405;0.002062
657;0.002020
19600;0.002016
76505;0.001983
9105;0.001912
53489;0.001893
2449;0.001875
46802;0.001860
22748;0.001836
30508;0.001818
42722;0.001815
27400;0.001809
64908;0.001793
27320;0.001787
1280;0.001782
17851;0.001771
33525;0.001747
42704;0.001710
31086;0.001683
28233;0.001679
37431;0.001672
5720;0.001663
50503;0.001623
68465;0.001617
389;0.001610
14209;0.001606
12161;0.001603
17957;0.001599
3618;0.001599
16878;0.001587
61614;0.001573
5983;0.001560
16059;0.001543
14264;0.001542
1719;0.001536
28513;0.001524
208;0.001508
1653;0.001485
29021;0.001467
38481;0.001440
1227;0.001400
33504;0.001400
42959;0.001377
40426;0.001354
1094;0.001341
46681;0.001333
50603;0.001328
69018;0.001328
32464;0.001319
19481;0.001280
19116;0.001278
17150;0.001263
2465;0.001251
8486;0.001225
16269;0.001222
35249;0.001214
16713;0.001213
31;0.001207
20321;0.001202
2434;0.001197
11000;0.001189
71062;0.001177
42629;0.001174
17450;0.001167
63545;0.001166
60979;0.001152
2040;0.001126
12096;0.001125
20411;0.001125
56006;0.001122
73849;0.001107
50280;0.001098
70516;0.001095
28488;0.001092
43757;0.001068
22747;0.001066
1929;0.001060
24434;0.001056
37586;0.001051
15396;0.001035
60093;0.001035
38594;0.001011
39308;0.001005
26315;0.001004
25609;0.001001
1097;0.000990
22968;0.000984
51233;0.000978
1962;0.000976
2587;0.000974
1430;0.000969
21300;0.000969
72735;0.000945
20628;0.000916
44369;0.000910
48688;0.000896
2398;0.000888
46423;0.000882
1021;0.000867
4352;0.000865
58157;0.000861
25326;0.000859
31511;0.000849
15353;0.000840
31485;0.000829
33900;0.000822
54027;0.000815
55300;0.000808
1292;0.000803
68185;0.000799
60766;0.000798
33768;0.000785
14;0.000778
3213;0.000775
34413;0.000773
46915;0.000770
50040;0.000765
201;0.000762
25929;0.000762
20738;0.000758
18569;0.000754
57764;0.000741
77131;0.000740
28;0.000735
25012;0.000733
2643;0.000728
22814;0.000702
19188;0.000700
33144;0.000695
54710;0.000694
42290;0.000692
3328;0.000685
558;0.000680
19;0.000674
45917;0.000668
876;0.000663
56608;0.000656
7889;0.000655
3261;0.000651
38463;0.000648
42474;0.000647
54966;0.000646
782;0.000635
43376;0.000633
2911;0.000610
46342;0.000605
40505;0.000602
43660;0.000585
19476;0.000564
1549;0.000562
70652;0.000554
50573;0.000552
26487;0.000550
48247;0.000544
75170;0.000542
2197;0.000529
38511;0.000529
45858;0.000529
383;0.000523
26393;0.000521
28299;0.000516
54219;0.000509
21638;0.000507
32032;0.000507
43491;0.000499
5201;0.000499
43970;0.000495
10376;0.000484
44669;0.000484
847;0.000484
608;0.000469
2995;0.000462
769;0.000462
77102;0.000459
50133;0.000456
45814;0.000453
1571;0.000449
6043;0.000445
77108;0.000438
2162;0.000434
43255;0.000433
40986;0.000431
65236;0.000426
22163;0.000421
77074;0.000397
8147;0.000395
2992;0.000394
66638;0.000385
216;0.000381
901;0.000381
44325;0.000370
41085;0.000362
63659;0.000359
6852;0.000359
44772;0.000348
14640;0.000341
23684;0.000333
27238;0.000324
20480;0.000323
15772;0.000318
35041;0.000317
77066;0.000317
22541;0.000311
77115;0.000307
652;0.000301
2445;0.000292
12345;0.000283
20776;0.000283
25085;0.000280
20656;0.000276
45940;0.000269
47204;0.000269
2509;0.000266
42983;0.000261
74222;0.000243
23772;0.000235
57317;0.000232
8197;0.000230
55829;0.000229
20121;0.000228
24440;0.000228
5428;0.000227
24882;0.000222
26095;0.000218
48053;0.000214
11666;0.000208
61364;0.000206
34513;0.000204
77021;0.000203
27577;0.000200
3735;0.000200
33111;0.000197
75425;0.000197
34815;0.000196
15665;0.000194
9070;0.000194
8102;0.000193
52090;0.000192
42166;0.000186
6435;0.000186
30601;0.000185
23731;0.000182
35749;0.000179
54338;0.000178
13650;0.000172
49668;0.000170
45815;0.000169
50150;0.000168
67149;0.000168
8426;0.000168
40852;0.000166
1240;0.000164
3330;0.000160
77001;0.000159
12996;0.000147
54161;0.000146
49235;0.000144
77104;0.000144
19630;0.000143
48130;0.000142
22298;0.000137
20924;0.000135
12219;0.000133
3031;0.000132
57009;0.000130
2776;0.000129
15381;0.000128
5657;0.000121
28569;0.000118
38503;0.000116
50354;0.000116
41915;0.000110
41218;0.000108
3794;0.000102
36463;0.000100
43286;0.000095
46019;0.000094
1977;0.000091
9660;0.000087
51613;0.000085
60279;0.000085
12513;0.000080
28334;0.000079
46032;0.000079
14058;0.000075
12341;0.000074
55387;0.000074
32940;0.000072
16659;0.000069
37388;0.000069
16564;0.000068
60408;0.000067
55620;0.000066
18459;0.000064
32622;0.000057
21196;0.000054
43240;0.000051
52868;0.000050
58212;0.000050
833;0.000050
16378;0.000048
6885;0.000046
35382;0.000044
43945;0.000043
4980;0.000043
67330;0.000043
42856;0.000042
40425;0.000041
32465;0.000034
77145;0.000031
39989;0.000030
14636;0.000029
1034;0.000027
54657;0.000027
2526;0.000026
57421;0.000023
76214;0.000023
36924;0.000021
49276;0.000017
11987;0.000015
54991;0.000010
71779;0.000008
38317;0.000005
50750;0.000003
